5 3
1.000000 0.000000 0.000000 
0.000000 0.000000 1.000000 
-1.000000 0.000000 0.000000 
0.000000 0.000000 -1.000000 
0.000000 0.000000 -1.000000 

5 1
5.000000 
4.000000 
0.010000 
0.000000 
-3.980000 

3 3
0.999934 0.000000 0.000000 
-0.099997 1.000000 0.100000 
0.000000 0.000000 1.000000 

3 1
-0.009989 
0.000499 
0.000000 

3 1
1.000000 
-0.050001 
0.000000 

3 1
0.000000 
0.005000 
0.100000 

3 0




4 4
0.000000 0.000000 0.000000 1.000000 
0.000000 0.000000 0.000000 -1.000000 
0.011024 0.000000 0.000000 0.011025 
-0.011024 0.000000 0.000000 -0.011025 

4 1
0.049048 
0.068668 
0.055235 
0.000000 

1 4
0.000000 0.000000 -10.000000 40.000000 

1 4
0.000000 0.000000 0.000000 -0.200000 

