34 3
-1.000000 0.000000 0.000000 
0.049690 -0.993808 -0.099381 
0.099012 -0.990148 -0.099015 
0.738250 -0.671179 -0.067118 
0.232855 -0.931497 -0.279449 
0.276147 -0.920582 -0.276174 
0.914667 -0.315634 -0.252507 
0.373335 -0.829757 -0.414878 
0.882155 -0.367757 -0.294206 
0.924131 -0.298350 -0.238680 
0.469937 -0.723136 -0.506195 
0.505270 -0.673860 -0.539088 
0.864147 -0.392964 -0.314371 
0.896978 -0.345202 -0.276162 
0.919599 -0.306771 -0.245417 
0.903412 -0.334816 -0.267853 
0.889919 -0.356170 -0.284936 
0.873599 -0.380007 -0.304006 
0.426498 -0.775592 -0.465355 
0.909288 -0.324971 -0.259977 
0.932154 -0.282724 -0.226179 
0.348115 -0.870402 -0.348161 
0.309025 -0.883031 -0.353213 
0.928304 -0.290343 -0.232275 
0.939003 -0.268548 -0.214838 
0.761962 -0.635045 -0.127009 
0.192438 -0.962253 -0.192451 
0.145515 -0.970143 -0.194029 
0.935711 -0.275466 -0.220373 
1.000000 -1.000000 0.000000 
0.000000 -1.000000 0.000000 
0.000000 0.000000 -1.000000 
1.000000 0.000000 0.000000 
0.000000 0.000000 1.000000 

34 1
0.010000 
-0.298639 
-0.294140 
0.054761 
-0.265387 
-0.251876 
0.780135 
-0.203995 
0.525918 
0.878113 
-0.132580 
-0.096558 
0.419848 
0.629353 
0.829358 
0.680163 
0.577949 
0.473229 
-0.168711 
0.730413 
0.974326 
-0.220280 
-0.236925 
0.926427 
1.068979 
0.107347 
-0.277388 
-0.286808 
1.021836 
0.000000 
-0.300000 
0.000000 
2.730550 
4.000000 

35 3
-1.000000 0.000000 0.000000 
0.049690 -0.993808 -0.099381 
0.099012 -0.990148 -0.099015 
0.738250 -0.671179 -0.067118 
0.232855 -0.931497 -0.279449 
0.276147 -0.920582 -0.276174 
0.925884 -0.280822 -0.252740 
0.373335 -0.829757 -0.414878 
0.929733 -0.273706 -0.246336 
0.469937 -0.723136 -0.506195 
0.872186 -0.363601 -0.327241 
0.888028 -0.341758 -0.307582 
0.901234 -0.322093 -0.289884 
0.912330 -0.304346 -0.273911 
0.933299 -0.266916 -0.240225 
0.917218 -0.296118 -0.266506 
0.907018 -0.312995 -0.281696 
0.894925 -0.331670 -0.298503 
0.880475 -0.352390 -0.317151 
0.863069 -0.375427 -0.337884 
0.534019 -0.628435 -0.565591 
0.505270 -0.673860 -0.539088 
0.426498 -0.775592 -0.465355 
0.921723 -0.288285 -0.259457 
0.864147 -0.392964 -0.314371 
0.348115 -0.870402 -0.348161 
0.309025 -0.883031 -0.353213 
0.761962 -0.635045 -0.127009 
0.192438 -0.962253 -0.192451 
0.145515 -0.970143 -0.194029 
1.000000 0.000000 0.000000 
1.000000 -1.000000 0.000000 
0.000000 -1.000000 0.000000 
0.000000 0.000000 -1.000000 
0.000000 0.000000 1.000000 

35 1
0.010000 
-0.298639 
-0.294140 
0.054761 
-0.265387 
-0.251876 
0.962999 
-0.203995 
1.010656 
-0.132580 
0.513794 
0.617263 
0.718468 
0.817628 
1.057949 
0.866509 
0.768290 
0.668135 
0.565825 
0.461142 
-0.061197 
-0.096558 
-0.168711 
0.914958 
0.419848 
-0.220280 
-0.236925 
0.107347 
-0.277388 
-0.286808 
2.730550 
0.000000 
-0.300000 
0.000000 
4.000000 

35 3
-1.000000 0.000000 0.000000 
0.049690 -0.993808 -0.099381 
0.099012 -0.990148 -0.099015 
0.738250 -0.671179 -0.067118 
0.232855 -0.931497 -0.279449 
0.276147 -0.920582 -0.276174 
0.373335 -0.829757 -0.414878 
0.469937 -0.723136 -0.506195 
0.923186 -0.271779 -0.271779 
0.919025 -0.278742 -0.278742 
0.863069 -0.375427 -0.337884 
0.534019 -0.628435 -0.565591 
0.861433 -0.359119 -0.359119 
0.878336 -0.338028 -0.338028 
0.892481 -0.318965 -0.318965 
0.904406 -0.301703 -0.301703 
0.914531 -0.286036 -0.286036 
0.927046 -0.265128 -0.265128 
0.909671 -0.293682 -0.293682 
0.898693 -0.310122 -0.310122 
0.885717 -0.328257 -0.328257 
0.870268 -0.348305 -0.348305 
0.505270 -0.673860 -0.539088 
0.864147 -0.392964 -0.314371 
0.426498 -0.775592 -0.465355 
0.348115 -0.870402 -0.348161 
0.309025 -0.883031 -0.353213 
0.761962 -0.635045 -0.127009 
0.192438 -0.962253 -0.192451 
0.145515 -0.970143 -0.194029 
1.000000 0.000000 0.000000 
1.000000 -1.000000 0.000000 
0.000000 -1.000000 0.000000 
0.000000 0.000000 -1.000000 
0.000000 0.000000 1.000000 

35 1
0.010000 
-0.298639 
-0.294140 
0.054761 
-0.265387 
-0.251876 
-0.203995 
-0.132580 
0.998375 
0.950569 
0.461142 
-0.061197 
0.500636 
0.604104 
0.705430 
0.804795 
0.902384 
1.045823 
0.853800 
0.755346 
0.655023 
0.552648 
-0.096558 
0.419848 
-0.168711 
-0.220280 
-0.236925 
0.107347 
-0.277388 
-0.286808 
2.730550 
0.000000 
-0.300000 
0.000000 
4.000000 

35 3
-1.000000 0.000000 0.000000 
0.049690 -0.993808 -0.099381 
0.099012 -0.990148 -0.099015 
0.738250 -0.671179 -0.067118 
0.232855 -0.931497 -0.279449 
0.276147 -0.920582 -0.276174 
0.864147 -0.392964 -0.314371 
0.373335 -0.829757 -0.414878 
0.469937 -0.723136 -0.506195 
0.863069 -0.375427 -0.337884 
0.534019 -0.628435 -0.565591 
0.867984 -0.334044 -0.367448 
0.883097 -0.315611 -0.347172 
0.895884 -0.298860 -0.328746 
0.906774 -0.283610 -0.311971 
0.911618 -0.276495 -0.304145 
0.901543 -0.291058 -0.320164 
0.889753 -0.307037 -0.337741 
0.875863 -0.324605 -0.357066 
0.859390 -0.343951 -0.378346 
0.861433 -0.359119 -0.359119 
0.916108 -0.269695 -0.296665 
0.920279 -0.263193 -0.289512 
0.505270 -0.673860 -0.539088 
0.426498 -0.775592 -0.465355 
0.348115 -0.870402 -0.348161 
0.309025 -0.883031 -0.353213 
0.761962 -0.635045 -0.127009 
0.192438 -0.962253 -0.192451 
0.145515 -0.970143 -0.194029 
1.000000 0.000000 0.000000 
1.000000 -1.000000 0.000000 
0.000000 -1.000000 0.000000 
0.000000 0.000000 -1.000000 
0.000000 0.000000 1.000000 

35 1
0.010000 
-0.298639 
-0.294140 
0.054761 
-0.265387 
-0.251876 
0.419848 
-0.203995 
-0.132580 
0.461142 
-0.061197 
0.589969 
0.691385 
0.790936 
0.888775 
0.937101 
0.840059 
0.741384 
0.640919 
0.538517 
0.500636 
0.985057 
1.032661 
-0.096558 
-0.168711 
-0.220280 
-0.236925 
0.107347 
-0.277388 
-0.286808 
2.730550 
0.000000 
-0.300000 
0.000000 
4.000000 

35 3
-1.000000 0.000000 0.000000 
0.049690 -0.993808 -0.099381 
0.099012 -0.990148 -0.099015 
0.738250 -0.671179 -0.067118 
0.232855 -0.931497 -0.279449 
0.276147 -0.920582 -0.276174 
0.373335 -0.829757 -0.414878 
0.469937 -0.723136 -0.506195 
0.863069 -0.375427 -0.337884 
0.534019 -0.628435 -0.565591 
0.913034 -0.261121 -0.313345 
0.859390 -0.343951 -0.378346 
0.857056 -0.329838 -0.395806 
0.873152 -0.312057 -0.374468 
0.886822 -0.295837 -0.355004 
0.898501 -0.281022 -0.337227 
0.908540 -0.267467 -0.320961 
0.903707 -0.274096 -0.328915 
0.892887 -0.288263 -0.345916 
0.880261 -0.303761 -0.364514 
0.865438 -0.320742 -0.384891 
0.861433 -0.359119 -0.359119 
0.505270 -0.673860 -0.539088 
0.426498 -0.775592 -0.465355 
0.864147 -0.392964 -0.314371 
0.348115 -0.870402 -0.348161 
0.309025 -0.883031 -0.353213 
0.761962 -0.635045 -0.127009 
0.192438 -0.962253 -0.192451 
0.145515 -0.970143 -0.194029 
1.000000 0.000000 0.000000 
1.000000 -1.000000 0.000000 
0.000000 -1.000000 0.000000 
0.000000 0.000000 -1.000000 
0.000000 0.000000 1.000000 

35 1
0.010000 
-0.298639 
-0.294140 
0.054761 
-0.265387 
-0.251876 
-0.203995 
-0.132580 
0.461142 
-0.061197 
1.018526 
0.538517 
0.574954 
0.676421 
0.776130 
0.874202 
0.970768 
0.922665 
0.825363 
0.726488 
0.625914 
0.500636 
-0.096558 
-0.168711 
0.419848 
-0.220280 
-0.236925 
0.107347 
-0.277388 
-0.286808 
2.730550 
0.000000 
-0.300000 
0.000000 
4.000000 

35 3
-1.000000 0.000000 0.000000 
0.049690 -0.993808 -0.099381 
0.099012 -0.990148 -0.099015 
0.738250 -0.671179 -0.067118 
0.232855 -0.931497 -0.279449 
0.276147 -0.920582 -0.276174 
0.864147 -0.392964 -0.314371 
0.373335 -0.829757 -0.414878 
0.469937 -0.723136 -0.506195 
0.863069 -0.375427 -0.337884 
0.534019 -0.628435 -0.565591 
0.859390 -0.343951 -0.378346 
0.862714 -0.308326 -0.400824 
0.877276 -0.292652 -0.380448 
0.889761 -0.278288 -0.361775 
0.900523 -0.265107 -0.344639 
0.905350 -0.258923 -0.336600 
0.895338 -0.271557 -0.353025 
0.883754 -0.285315 -0.370909 
0.870280 -0.300317 -0.390413 
0.854520 -0.316695 -0.411704 
0.857056 -0.329838 -0.395806 
0.861433 -0.359119 -0.359119 
0.505270 -0.673860 -0.539088 
0.426498 -0.775592 -0.465355 
0.348115 -0.870402 -0.348161 
0.309025 -0.883031 -0.353213 
0.761962 -0.635045 -0.127009 
0.192438 -0.962253 -0.192451 
0.145515 -0.970143 -0.194029 
1.000000 0.000000 0.000000 
1.000000 -1.000000 0.000000 
0.000000 -1.000000 0.000000 
0.000000 0.000000 -1.000000 
0.000000 0.000000 1.000000 

35 1
0.010000 
-0.298639 
-0.294140 
0.054761 
-0.265387 
-0.251876 
0.419848 
-0.203995 
-0.132580 
0.461142 
-0.061197 
0.538517 
0.660626 
0.760460 
0.858741 
0.955574 
1.003481 
0.907332 
0.809788 
0.710743 
0.610100 
0.574954 
0.500636 
-0.096558 
-0.168711 
-0.220280 
-0.236925 
0.107347 
-0.277388 
-0.286808 
2.730550 
0.000000 
-0.300000 
0.000000 
4.000000 

35 3
-1.000000 0.000000 0.000000 
0.049690 -0.993808 -0.099381 
0.099012 -0.990148 -0.099015 
0.738250 -0.671179 -0.067118 
0.232855 -0.931497 -0.279449 
0.276147 -0.920582 -0.276174 
0.864147 -0.392964 -0.314371 
0.373335 -0.829757 -0.414878 
0.469937 -0.723136 -0.506195 
0.863069 -0.375427 -0.337884 
0.534019 -0.628435 -0.565591 
0.859390 -0.343951 -0.378346 
0.854520 -0.316695 -0.411704 
0.851851 -0.304444 -0.426221 
0.867306 -0.289326 -0.405057 
0.880602 -0.275424 -0.385593 
0.892099 -0.262627 -0.367678 
0.897266 -0.256611 -0.359256 
0.886555 -0.268894 -0.376451 
0.874199 -0.282230 -0.395122 
0.859873 -0.296726 -0.415417 
0.857056 -0.329838 -0.395806 
0.861433 -0.359119 -0.359119 
0.505270 -0.673860 -0.539088 
0.426498 -0.775592 -0.465355 
0.348115 -0.870402 -0.348161 
0.309025 -0.883031 -0.353213 
0.761962 -0.635045 -0.127009 
0.192438 -0.962253 -0.192451 
0.145515 -0.970143 -0.194029 
1.000000 0.000000 0.000000 
1.000000 -1.000000 0.000000 
0.000000 -1.000000 0.000000 
0.000000 0.000000 -1.000000 
0.000000 0.000000 1.000000 

35 1
0.010000 
-0.298639 
-0.294140 
0.054761 
-0.265387 
-0.251876 
0.419848 
-0.203995 
-0.132580 
0.461142 
-0.061197 
0.538517 
0.610100 
0.644088 
0.744005 
0.842465 
0.939543 
0.987592 
0.891171 
0.793413 
0.694233 
0.574954 
0.500636 
-0.096558 
-0.168711 
-0.220280 
-0.236925 
0.107347 
-0.277388 
-0.286808 
2.730550 
0.000000 
-0.300000 
0.000000 
4.000000 

35 3
-1.000000 0.000000 0.000000 
0.049690 -0.993808 -0.099381 
0.099012 -0.990148 -0.099015 
0.738250 -0.671179 -0.067118 
0.232855 -0.931497 -0.279449 
0.276147 -0.920582 -0.276174 
0.864147 -0.392964 -0.314371 
0.373335 -0.829757 -0.414878 
0.469937 -0.723136 -0.506195 
0.863069 -0.375427 -0.337884 
0.534019 -0.628435 -0.565591 
0.859390 -0.343951 -0.378346 
0.854520 -0.316695 -0.411704 
0.856966 -0.285877 -0.428816 
0.871073 -0.272443 -0.408665 
0.883308 -0.260039 -0.390059 
0.888820 -0.254195 -0.381293 
0.877404 -0.266118 -0.399177 
0.864274 -0.279026 -0.418539 
0.849102 -0.293009 -0.439514 
0.851851 -0.304444 -0.426221 
0.857056 -0.329838 -0.395806 
0.861433 -0.359119 -0.359119 
0.505270 -0.673860 -0.539088 
0.426498 -0.775592 -0.465355 
0.348115 -0.870402 -0.348161 
0.309025 -0.883031 -0.353213 
0.761962 -0.635045 -0.127009 
0.192438 -0.962253 -0.192451 
0.145515 -0.970143 -0.194029 
1.000000 0.000000 0.000000 
1.000000 -1.000000 0.000000 
0.000000 -1.000000 0.000000 
0.000000 0.000000 -1.000000 
0.000000 0.000000 1.000000 

35 1
0.010000 
-0.298639 
-0.294140 
0.054761 
-0.265387 
-0.251876 
0.419848 
-0.203995 
-0.132580 
0.461142 
-0.061197 
0.538517 
0.610100 
0.726845 
0.825448 
0.922744 
0.970924 
0.874255 
0.776313 
0.677039 
0.644088 
0.574954 
0.500636 
-0.096558 
-0.168711 
-0.220280 
-0.236925 
0.107347 
-0.277388 
-0.286808 
2.730550 
0.000000 
-0.300000 
0.000000 
4.000000 

35 3
-1.000000 0.000000 0.000000 
0.049690 -0.993808 -0.099381 
0.099012 -0.990148 -0.099015 
0.738250 -0.671179 -0.067118 
0.232855 -0.931497 -0.279449 
0.276147 -0.920582 -0.276174 
0.864147 -0.392964 -0.314371 
0.373335 -0.829757 -0.414878 
0.469937 -0.723136 -0.506195 
0.863069 -0.375427 -0.337884 
0.534019 -0.628435 -0.565591 
0.859390 -0.343951 -0.378346 
0.854520 -0.316695 -0.411704 
0.849102 -0.293009 -0.439514 
0.846313 -0.282323 -0.451717 
0.861221 -0.269362 -0.430979 
0.874193 -0.257356 -0.411769 
0.880049 -0.251687 -0.402700 
0.867929 -0.263244 -0.421191 
0.854030 -0.275718 -0.441149 
0.851851 -0.304444 -0.426221 
0.857056 -0.329838 -0.395806 
0.861433 -0.359119 -0.359119 
0.505270 -0.673860 -0.539088 
0.426498 -0.775592 -0.465355 
0.348115 -0.870402 -0.348161 
0.309025 -0.883031 -0.353213 
0.761962 -0.635045 -0.127009 
0.192438 -0.962253 -0.192451 
0.145515 -0.970143 -0.194029 
1.000000 0.000000 0.000000 
1.000000 -1.000000 0.000000 
0.000000 -1.000000 0.000000 
0.000000 0.000000 -1.000000 
0.000000 0.000000 1.000000 

35 1
0.010000 
-0.298639 
-0.294140 
0.054761 
-0.265387 
-0.251876 
0.419848 
-0.203995 
-0.132580 
0.461142 
-0.061197 
0.538517 
0.610100 
0.677039 
0.709057 
0.807761 
0.905244 
0.953541 
0.856653 
0.758564 
0.644088 
0.574954 
0.500636 
-0.096558 
-0.168711 
-0.220280 
-0.236925 
0.107347 
-0.277388 
-0.286808 
2.730550 
0.000000 
-0.300000 
0.000000 
4.000000 

35 3
-1.000000 0.000000 0.000000 
0.049690 -0.993808 -0.099381 
0.099012 -0.990148 -0.099015 
0.738250 -0.671179 -0.067118 
0.232855 -0.931497 -0.279449 
0.276147 -0.920582 -0.276174 
0.864147 -0.392964 -0.314371 
0.373335 -0.829757 -0.414878 
0.469937 -0.723136 -0.506195 
0.863069 -0.375427 -0.337884 
0.534019 -0.628435 -0.565591 
0.859390 -0.343951 -0.378346 
0.854520 -0.316695 -0.411704 
0.849102 -0.293009 -0.439514 
0.851092 -0.266194 -0.452530 
0.864794 -0.254589 -0.432801 
0.870993 -0.249097 -0.423465 
0.858172 -0.260285 -0.442484 
0.843515 -0.272324 -0.462950 
0.846313 -0.282323 -0.451717 
0.851851 -0.304444 -0.426221 
0.857056 -0.329838 -0.395806 
0.861433 -0.359119 -0.359119 
0.505270 -0.673860 -0.539088 
0.426498 -0.775592 -0.465355 
0.348115 -0.870402 -0.348161 
0.309025 -0.883031 -0.353213 
0.761962 -0.635045 -0.127009 
0.192438 -0.962253 -0.192451 
0.145515 -0.970143 -0.194029 
1.000000 0.000000 0.000000 
1.000000 -1.000000 0.000000 
0.000000 -1.000000 0.000000 
0.000000 0.000000 -1.000000 
0.000000 0.000000 1.000000 

35 1
0.010000 
-0.298639 
-0.294140 
0.054761 
-0.265387 
-0.251876 
0.419848 
-0.203995 
-0.132580 
0.461142 
-0.061197 
0.538517 
0.610100 
0.677039 
0.789477 
0.887109 
0.935508 
0.838434 
0.740238 
0.709057 
0.644088 
0.574954 
0.500636 
-0.096558 
-0.168711 
-0.220280 
-0.236925 
0.107347 
-0.277388 
-0.286808 
2.730550 
0.000000 
-0.300000 
0.000000 
4.000000 

35 3
-1.000000 0.000000 0.000000 
0.049690 -0.993808 -0.099381 
0.099012 -0.990148 -0.099015 
0.738250 -0.671179 -0.067118 
0.232855 -0.931497 -0.279449 
0.276147 -0.920582 -0.276174 
0.864147 -0.392964 -0.314371 
0.373335 -0.829757 -0.414878 
0.469937 -0.723136 -0.506195 
0.863069 -0.375427 -0.337884 
0.534019 -0.628435 -0.565591 
0.859390 -0.343951 -0.378346 
0.854520 -0.316695 -0.411704 
0.849102 -0.293009 -0.439514 
0.843515 -0.272324 -0.462950 
0.840731 -0.262953 -0.473316 
0.855148 -0.251749 -0.453149 
0.861686 -0.246436 -0.443584 
0.848175 -0.257253 -0.463055 
0.846313 -0.282323 -0.451717 
0.851851 -0.304444 -0.426221 
0.857056 -0.329838 -0.395806 
0.861433 -0.359119 -0.359119 
0.505270 -0.673860 -0.539088 
0.426498 -0.775592 -0.465355 
0.348115 -0.870402 -0.348161 
0.309025 -0.883031 -0.353213 
0.761962 -0.635045 -0.127009 
0.192438 -0.962253 -0.192451 
0.145515 -0.970143 -0.194029 
1.000000 0.000000 0.000000 
1.000000 -1.000000 0.000000 
0.000000 -1.000000 0.000000 
0.000000 0.000000 -1.000000 
0.000000 0.000000 1.000000 

35 1
0.010000 
-0.298639 
-0.294140 
0.054761 
-0.265387 
-0.251876 
0.419848 
-0.203995 
-0.132580 
0.461142 
-0.061197 
0.538517 
0.610100 
0.677039 
0.740238 
0.770662 
0.868404 
0.916887 
0.819663 
0.709057 
0.644088 
0.574954 
0.500636 
-0.096558 
-0.168711 
-0.220280 
-0.236925 
0.107347 
-0.277388 
-0.286808 
2.730550 
0.000000 
-0.300000 
0.000000 
4.000000 

35 3
-1.000000 0.000000 0.000000 
0.049690 -0.993808 -0.099381 
0.099012 -0.990148 -0.099015 
0.738250 -0.671179 -0.067118 
0.232855 -0.931497 -0.279449 
0.276147 -0.920582 -0.276174 
0.864147 -0.392964 -0.314371 
0.373335 -0.829757 -0.414878 
0.469937 -0.723136 -0.506195 
0.863069 -0.375427 -0.337884 
0.534019 -0.628435 -0.565591 
0.859390 -0.343951 -0.378346 
0.854520 -0.316695 -0.411704 
0.849102 -0.293009 -0.439514 
0.843515 -0.272324 -0.462950 
0.845295 -0.248848 -0.472812 
0.852165 -0.243713 -0.463054 
0.837978 -0.254160 -0.482904 
0.840731 -0.262953 -0.473316 
0.846313 -0.282323 -0.451717 
0.851851 -0.304444 -0.426221 
0.857056 -0.329838 -0.395806 
0.861433 -0.359119 -0.359119 
0.505270 -0.673860 -0.539088 
0.426498 -0.775592 -0.465355 
0.348115 -0.870402 -0.348161 
0.309025 -0.883031 -0.353213 
0.761962 -0.635045 -0.127009 
0.192438 -0.962253 -0.192451 
0.145515 -0.970143 -0.194029 
1.000000 0.000000 0.000000 
1.000000 -1.000000 0.000000 
0.000000 -1.000000 0.000000 
0.000000 0.000000 -1.000000 
0.000000 0.000000 1.000000 

35 1
0.010000 
-0.298639 
-0.294140 
0.054761 
-0.265387 
-0.251876 
0.419848 
-0.203995 
-0.132580 
0.461142 
-0.061197 
0.538517 
0.610100 
0.677039 
0.740238 
0.849190 
0.897739 
0.800404 
0.770662 
0.709057 
0.644088 
0.574954 
0.500636 
-0.096558 
-0.168711 
-0.220280 
-0.236925 
0.107347 
-0.277388 
-0.286808 
2.730550 
0.000000 
-0.300000 
0.000000 
4.000000 

35 3
-1.000000 0.000000 0.000000 
0.049690 -0.993808 -0.099381 
0.099012 -0.990148 -0.099015 
0.738250 -0.671179 -0.067118 
0.232855 -0.931497 -0.279449 
0.276147 -0.920582 -0.276174 
0.864147 -0.392964 -0.314371 
0.373335 -0.829757 -0.414878 
0.469937 -0.723136 -0.506195 
0.863069 -0.375427 -0.337884 
0.534019 -0.628435 -0.565591 
0.859390 -0.343951 -0.378346 
0.854520 -0.316695 -0.411704 
0.849102 -0.293009 -0.439514 
0.843515 -0.272324 -0.462950 
0.837978 -0.254160 -0.482904 
0.835269 -0.245897 -0.491794 
0.842463 -0.240938 -0.481876 
0.840731 -0.262953 -0.473316 
0.846313 -0.282323 -0.451717 
0.851851 -0.304444 -0.426221 
0.857056 -0.329838 -0.395806 
0.861433 -0.359119 -0.359119 
0.505270 -0.673860 -0.539088 
0.426498 -0.775592 -0.465355 
0.348115 -0.870402 -0.348161 
0.309025 -0.883031 -0.353213 
0.761962 -0.635045 -0.127009 
0.192438 -0.962253 -0.192451 
0.145515 -0.970143 -0.194029 
1.000000 0.000000 0.000000 
1.000000 -1.000000 0.000000 
0.000000 -1.000000 0.000000 
0.000000 0.000000 -1.000000 
0.000000 0.000000 1.000000 

35 1
0.010000 
-0.298639 
-0.294140 
0.054761 
-0.265387 
-0.251876 
0.419848 
-0.203995 
-0.132580 
0.461142 
-0.061197 
0.538517 
0.610100 
0.677039 
0.740238 
0.800404 
0.829528 
0.878122 
0.770662 
0.709057 
0.644088 
0.574954 
0.500636 
-0.096558 
-0.168711 
-0.220280 
-0.236925 
0.107347 
-0.277388 
-0.286808 
2.730550 
0.000000 
-0.300000 
0.000000 
4.000000 

35 3
-1.000000 0.000000 0.000000 
0.049690 -0.993808 -0.099381 
0.099012 -0.990148 -0.099015 
0.738250 -0.671179 -0.067118 
0.232855 -0.931497 -0.279449 
0.276147 -0.920582 -0.276174 
0.864147 -0.392964 -0.314371 
0.373335 -0.829757 -0.414878 
0.469937 -0.723136 -0.506195 
0.863069 -0.375427 -0.337884 
0.534019 -0.628435 -0.565591 
0.859390 -0.343951 -0.378346 
0.854520 -0.316695 -0.411704 
0.849102 -0.293009 -0.439514 
0.843515 -0.272324 -0.462950 
0.837978 -0.254160 -0.482904 
0.832613 -0.238121 -0.500054 
0.835269 -0.245897 -0.491794 
0.840731 -0.262953 -0.473316 
0.846313 -0.282323 -0.451717 
0.851851 -0.304444 -0.426221 
0.857056 -0.329838 -0.395806 
0.861433 -0.359119 -0.359119 
0.505270 -0.673860 -0.539088 
0.426498 -0.775592 -0.465355 
0.348115 -0.870402 -0.348161 
0.309025 -0.883031 -0.353213 
0.761962 -0.635045 -0.127009 
0.192438 -0.962253 -0.192451 
0.145515 -0.970143 -0.194029 
1.000000 0.000000 0.000000 
1.000000 -1.000000 0.000000 
0.000000 -1.000000 0.000000 
0.000000 0.000000 -1.000000 
0.000000 0.000000 1.000000 

35 1
0.010000 
-0.298639 
-0.294140 
0.054761 
-0.265387 
-0.251876 
0.419848 
-0.203995 
-0.132580 
0.461142 
-0.061197 
0.538517 
0.610100 
0.677039 
0.740238 
0.800404 
0.858091 
0.829528 
0.770662 
0.709057 
0.644088 
0.574954 
0.500636 
-0.096558 
-0.168711 
-0.220280 
-0.236925 
0.107347 
-0.277388 
-0.286808 
2.730550 
0.000000 
-0.300000 
0.000000 
4.000000 

