37 3
-1.000000 0.000000 0.000000 
0.049690 -0.993808 -0.099381 
0.099012 -0.990148 -0.099015 
0.738250 -0.671179 -0.067118 
0.232855 -0.931497 -0.279449 
0.276147 -0.920582 -0.276174 
0.779635 -0.599824 -0.179947 
0.373335 -0.829757 -0.414878 
0.909671 -0.293682 -0.293682 
0.469937 -0.723136 -0.506195 
0.878336 -0.338028 -0.338028 
0.919025 -0.278742 -0.278742 
0.534019 -0.628435 -0.565591 
0.861433 -0.359119 -0.359119 
0.892481 -0.318965 -0.318965 
0.914531 -0.286036 -0.286036 
0.898693 -0.310122 -0.310122 
0.885717 -0.328257 -0.328257 
0.870268 -0.348305 -0.348305 
0.505270 -0.673860 -0.539088 
0.904406 -0.301703 -0.301703 
0.927046 -0.265128 -0.265128 
0.426498 -0.775592 -0.465355 
0.923186 -0.271779 -0.271779 
0.933968 -0.252689 -0.252689 
0.792527 -0.566219 -0.226488 
0.348115 -0.870402 -0.348161 
0.309025 -0.883031 -0.353213 
0.930632 -0.258770 -0.258770 
0.761962 -0.635045 -0.127009 
0.192438 -0.962253 -0.192451 
0.145515 -0.970143 -0.194029 
1.000000 0.000000 0.000000 
1.000000 -1.000000 0.000000 
0.000000 -1.000000 0.000000 
0.000000 0.000000 -1.000000 
0.000000 0.000000 1.000000 

37 1
0.010000 
-0.298639 
-0.294140 
0.054761 
-0.265387 
-0.251876 
0.157362 
-0.203995 
0.853800 
-0.132580 
0.604104 
0.950569 
-0.061197 
0.500636 
0.705430 
0.902384 
0.755346 
0.655023 
0.552648 
-0.096558 
0.804795 
1.045823 
-0.168711 
0.998375 
1.139719 
0.204697 
-0.220280 
-0.236925 
1.092931 
0.107347 
-0.277388 
-0.286808 
2.888240 
0.000000 
-0.300000 
0.000000 
4.000000 

37 3
-1.000000 0.000000 0.000000 
0.049690 -0.993808 -0.099381 
0.099012 -0.990148 -0.099015 
0.738250 -0.671179 -0.067118 
0.232855 -0.931497 -0.279449 
0.276147 -0.920582 -0.276174 
0.779635 -0.599824 -0.179947 
0.373335 -0.829757 -0.414878 
0.920279 -0.263193 -0.289512 
0.469937 -0.723136 -0.506195 
0.924157 -0.256970 -0.282667 
0.534019 -0.628435 -0.565591 
0.867984 -0.334044 -0.367448 
0.883097 -0.315611 -0.347172 
0.895884 -0.298860 -0.328746 
0.906774 -0.283610 -0.311971 
0.927769 -0.251011 -0.276113 
0.911618 -0.276495 -0.304145 
0.901543 -0.291058 -0.320164 
0.889753 -0.307037 -0.337741 
0.875863 -0.324605 -0.357066 
0.859390 -0.343951 -0.378346 
0.505270 -0.673860 -0.539088 
0.916108 -0.269695 -0.296665 
0.861433 -0.359119 -0.359119 
0.426498 -0.775592 -0.465355 
0.792527 -0.566219 -0.226488 
0.348115 -0.870402 -0.348161 
0.309025 -0.883031 -0.353213 
0.761962 -0.635045 -0.127009 
0.192438 -0.962253 -0.192451 
0.145515 -0.970143 -0.194029 
1.000000 0.000000 0.000000 
1.000000 -1.000000 0.000000 
0.000000 -1.000000 0.000000 
0.000000 0.000000 -1.000000 
0.000000 0.000000 1.000000 

37 1
0.010000 
-0.298639 
-0.294140 
0.054761 
-0.265387 
-0.251876 
0.157362 
-0.203995 
1.032661 
-0.132580 
1.079931 
-0.061197 
0.589969 
0.691385 
0.790936 
0.888775 
1.126883 
0.937101 
0.840059 
0.741384 
0.640919 
0.538517 
-0.096558 
0.985057 
0.500636 
-0.168711 
0.204697 
-0.220280 
-0.236925 
0.107347 
-0.277388 
-0.286808 
2.888240 
0.000000 
-0.300000 
0.000000 
4.000000 

37 3
-1.000000 0.000000 0.000000 
0.049690 -0.993808 -0.099381 
0.099012 -0.990148 -0.099015 
0.738250 -0.671179 -0.067118 
0.232855 -0.931497 -0.279449 
0.276147 -0.920582 -0.276174 
0.779635 -0.599824 -0.179947 
0.373335 -0.829757 -0.414878 
0.469937 -0.723136 -0.506195 
0.534019 -0.628435 -0.565591 
0.917218 -0.255040 -0.306048 
0.913034 -0.261121 -0.313345 
0.859390 -0.343951 -0.378346 
0.857056 -0.329838 -0.395806 
0.873152 -0.312057 -0.374468 
0.886822 -0.295837 -0.355004 
0.898501 -0.281022 -0.337227 
0.908540 -0.267467 -0.320961 
0.921119 -0.249212 -0.299055 
0.903707 -0.274096 -0.328915 
0.892887 -0.288263 -0.345916 
0.880261 -0.303761 -0.364514 
0.865438 -0.320742 -0.384891 
0.861433 -0.359119 -0.359119 
0.505270 -0.673860 -0.539088 
0.426498 -0.775592 -0.465355 
0.792527 -0.566219 -0.226488 
0.348115 -0.870402 -0.348161 
0.309025 -0.883031 -0.353213 
0.761962 -0.635045 -0.127009 
0.192438 -0.962253 -0.192451 
0.145515 -0.970143 -0.194029 
1.000000 0.000000 0.000000 
1.000000 -1.000000 0.000000 
0.000000 -1.000000 0.000000 
0.000000 0.000000 -1.000000 
0.000000 0.000000 1.000000 

37 1
0.010000 
-0.298639 
-0.294140 
0.054761 
-0.265387 
-0.251876 
0.157362 
-0.203995 
-0.132580 
-0.061197 
1.065956 
1.018526 
0.538517 
0.574954 
0.676421 
0.776130 
0.874202 
0.970768 
1.113073 
0.922665 
0.825363 
0.726488 
0.625914 
0.500636 
-0.096558 
-0.168711 
0.204697 
-0.220280 
-0.236925 
0.107347 
-0.277388 
-0.286808 
2.888240 
0.000000 
-0.300000 
0.000000 
4.000000 

37 3
-1.000000 0.000000 0.000000 
0.049690 -0.993808 -0.099381 
0.099012 -0.990148 -0.099015 
0.738250 -0.671179 -0.067118 
0.232855 -0.931497 -0.279449 
0.276147 -0.920582 -0.276174 
0.779635 -0.599824 -0.179947 
0.373335 -0.829757 -0.414878 
0.861433 -0.359119 -0.359119 
0.469937 -0.723136 -0.506195 
0.534019 -0.628435 -0.565591 
0.859390 -0.343951 -0.378346 
0.862714 -0.308326 -0.400824 
0.877276 -0.292652 -0.380448 
0.889761 -0.278288 -0.361775 
0.900523 -0.265107 -0.344639 
0.905350 -0.258923 -0.336600 
0.895338 -0.271557 -0.353025 
0.883754 -0.285315 -0.370909 
0.870280 -0.300317 -0.390413 
0.854520 -0.316695 -0.411704 
0.857056 -0.329838 -0.395806 
0.909850 -0.252992 -0.328889 
0.914050 -0.247300 -0.321490 
0.505270 -0.673860 -0.539088 
0.426498 -0.775592 -0.465355 
0.792527 -0.566219 -0.226488 
0.348115 -0.870402 -0.348161 
0.309025 -0.883031 -0.353213 
0.761962 -0.635045 -0.127009 
0.192438 -0.962253 -0.192451 
0.145515 -0.970143 -0.194029 
1.000000 -1.000000 0.000000 
0.000000 -1.000000 0.000000 
0.000000 0.000000 -1.000000 
1.000000 0.000000 0.000000 
0.000000 0.000000 1.000000 

37 1
0.010000 
-0.298639 
-0.294140 
0.054761 
-0.265387 
-0.251876 
0.157362 
-0.203995 
0.500636 
-0.132580 
-0.061197 
0.538517 
0.660626 
0.760460 
0.858741 
0.955574 
1.003481 
0.907332 
0.809788 
0.710743 
0.610100 
0.574954 
1.051069 
1.098349 
-0.096558 
-0.168711 
0.204697 
-0.220280 
-0.236925 
0.107347 
-0.277388 
-0.286808 
0.000000 
-0.300000 
0.000000 
2.888240 
4.000000 

37 3
-1.000000 0.000000 0.000000 
0.049690 -0.993808 -0.099381 
0.099012 -0.990148 -0.099015 
0.738250 -0.671179 -0.067118 
0.232855 -0.931497 -0.279449 
0.276147 -0.920582 -0.276174 
0.779635 -0.599824 -0.179947 
0.373335 -0.829757 -0.414878 
0.469937 -0.723136 -0.506195 
0.534019 -0.628435 -0.565591 
0.859390 -0.343951 -0.378346 
0.906596 -0.245283 -0.343396 
0.854520 -0.316695 -0.411704 
0.851851 -0.304444 -0.426221 
0.867306 -0.289326 -0.405057 
0.880602 -0.275424 -0.385593 
0.892099 -0.262627 -0.367678 
0.902089 -0.250834 -0.351167 
0.897266 -0.256611 -0.359256 
0.886555 -0.268894 -0.376451 
0.874199 -0.282230 -0.395122 
0.859873 -0.296726 -0.415417 
0.857056 -0.329838 -0.395806 
0.505270 -0.673860 -0.539088 
0.861433 -0.359119 -0.359119 
0.426498 -0.775592 -0.465355 
0.792527 -0.566219 -0.226488 
0.348115 -0.870402 -0.348161 
0.309025 -0.883031 -0.353213 
0.761962 -0.635045 -0.127009 
0.192438 -0.962253 -0.192451 
0.145515 -0.970143 -0.194029 
1.000000 0.000000 0.000000 
1.000000 -1.000000 0.000000 
0.000000 -1.000000 0.000000 
0.000000 0.000000 -1.000000 
0.000000 0.000000 1.000000 

37 1
0.010000 
-0.298639 
-0.294140 
0.054761 
-0.265387 
-0.251876 
0.157362 
-0.203995 
-0.132580 
-0.061197 
0.538517 
1.082769 
0.610100 
0.644088 
0.744005 
0.842465 
0.939543 
1.035330 
0.987592 
0.891171 
0.793413 
0.694233 
0.574954 
-0.096558 
0.500636 
-0.168711 
0.204697 
-0.220280 
-0.236925 
0.107347 
-0.277388 
-0.286808 
2.888240 
0.000000 
-0.300000 
0.000000 
4.000000 

37 3
-1.000000 0.000000 0.000000 
0.049690 -0.993808 -0.099381 
0.099012 -0.990148 -0.099015 
0.738250 -0.671179 -0.067118 
0.232855 -0.931497 -0.279449 
0.276147 -0.920582 -0.276174 
0.779635 -0.599824 -0.179947 
0.373335 -0.829757 -0.414878 
0.861433 -0.359119 -0.359119 
0.469937 -0.723136 -0.506195 
0.534019 -0.628435 -0.565591 
0.859390 -0.343951 -0.378346 
0.854520 -0.316695 -0.411704 
0.856966 -0.285877 -0.428816 
0.871073 -0.272443 -0.408665 
0.883308 -0.260039 -0.390059 
0.893970 -0.248576 -0.372864 
0.898789 -0.243171 -0.364756 
0.888820 -0.254195 -0.381293 
0.877404 -0.266118 -0.399177 
0.864274 -0.279026 -0.418539 
0.849102 -0.293009 -0.439514 
0.851851 -0.304444 -0.426221 
0.857056 -0.329838 -0.395806 
0.505270 -0.673860 -0.539088 
0.426498 -0.775592 -0.465355 
0.792527 -0.566219 -0.226488 
0.348115 -0.870402 -0.348161 
0.309025 -0.883031 -0.353213 
0.761962 -0.635045 -0.127009 
0.192438 -0.962253 -0.192451 
0.145515 -0.970143 -0.194029 
1.000000 -1.000000 0.000000 
0.000000 -1.000000 0.000000 
0.000000 0.000000 -1.000000 
1.000000 0.000000 0.000000 
0.000000 0.000000 1.000000 

37 1
0.010000 
-0.298639 
-0.294140 
0.054761 
-0.265387 
-0.251876 
0.157362 
-0.203995 
0.500636 
-0.132580 
-0.061197 
0.538517 
0.610100 
0.726845 
0.825448 
0.922744 
1.018804 
1.066393 
0.970924 
0.874255 
0.776313 
0.677039 
0.644088 
0.574954 
-0.096558 
-0.168711 
0.204697 
-0.220280 
-0.236925 
0.107347 
-0.277388 
-0.286808 
0.000000 
-0.300000 
0.000000 
2.888240 
4.000000 

37 3
-1.000000 0.000000 0.000000 
0.049690 -0.993808 -0.099381 
0.099012 -0.990148 -0.099015 
0.738250 -0.671179 -0.067118 
0.232855 -0.931497 -0.279449 
0.276147 -0.920582 -0.276174 
0.779635 -0.599824 -0.179947 
0.373335 -0.829757 -0.414878 
0.861433 -0.359119 -0.359119 
0.469937 -0.723136 -0.506195 
0.534019 -0.628435 -0.565591 
0.859390 -0.343951 -0.378346 
0.854520 -0.316695 -0.411704 
0.849102 -0.293009 -0.439514 
0.846313 -0.282323 -0.451717 
0.861221 -0.269362 -0.430979 
0.874193 -0.257356 -0.411769 
0.885529 -0.246229 -0.393966 
0.890662 -0.240972 -0.385555 
0.880049 -0.251687 -0.402700 
0.867929 -0.263244 -0.421191 
0.854030 -0.275718 -0.441149 
0.851851 -0.304444 -0.426221 
0.857056 -0.329838 -0.395806 
0.505270 -0.673860 -0.539088 
0.426498 -0.775592 -0.465355 
0.792527 -0.566219 -0.226488 
0.348115 -0.870402 -0.348161 
0.309025 -0.883031 -0.353213 
0.761962 -0.635045 -0.127009 
0.192438 -0.962253 -0.192451 
0.145515 -0.970143 -0.194029 
1.000000 0.000000 0.000000 
1.000000 -1.000000 0.000000 
0.000000 -1.000000 0.000000 
0.000000 0.000000 -1.000000 
0.000000 0.000000 1.000000 

37 1
0.010000 
-0.298639 
-0.294140 
0.054761 
-0.265387 
-0.251876 
0.157362 
-0.203995 
0.500636 
-0.132580 
-0.061197 
0.538517 
0.610100 
0.677039 
0.709057 
0.807761 
0.905244 
1.001551 
1.049281 
0.953541 
0.856653 
0.758564 
0.644088 
0.574954 
-0.096558 
-0.168711 
0.204697 
-0.220280 
-0.236925 
0.107347 
-0.277388 
-0.286808 
2.888240 
0.000000 
-0.300000 
0.000000 
4.000000 

37 3
-1.000000 0.000000 0.000000 
0.049690 -0.993808 -0.099381 
0.099012 -0.990148 -0.099015 
0.738250 -0.671179 -0.067118 
0.232855 -0.931497 -0.279449 
0.276147 -0.920582 -0.276174 
0.779635 -0.599824 -0.179947 
0.373335 -0.829757 -0.414878 
0.861433 -0.359119 -0.359119 
0.469937 -0.723136 -0.506195 
0.534019 -0.628435 -0.565591 
0.859390 -0.343951 -0.378346 
0.854520 -0.316695 -0.411704 
0.849102 -0.293009 -0.439514 
0.851092 -0.266194 -0.452530 
0.864794 -0.254589 -0.432801 
0.876801 -0.243802 -0.414464 
0.882250 -0.238696 -0.405783 
0.870993 -0.249097 -0.423465 
0.858172 -0.260285 -0.442484 
0.843515 -0.272324 -0.462950 
0.846313 -0.282323 -0.451717 
0.851851 -0.304444 -0.426221 
0.857056 -0.329838 -0.395806 
0.505270 -0.673860 -0.539088 
0.426498 -0.775592 -0.465355 
0.792527 -0.566219 -0.226488 
0.348115 -0.870402 -0.348161 
0.309025 -0.883031 -0.353213 
0.761962 -0.635045 -0.127009 
0.192438 -0.962253 -0.192451 
0.145515 -0.970143 -0.194029 
1.000000 0.000000 0.000000 
1.000000 -1.000000 0.000000 
0.000000 -1.000000 0.000000 
0.000000 0.000000 -1.000000 
0.000000 0.000000 1.000000 

37 1
0.010000 
-0.298639 
-0.294140 
0.054761 
-0.265387 
-0.251876 
0.157362 
-0.203995 
0.500636 
-0.132580 
-0.061197 
0.538517 
0.610100 
0.677039 
0.789477 
0.887109 
0.983634 
1.031493 
0.935508 
0.838434 
0.740238 
0.709057 
0.644088 
0.574954 
-0.096558 
-0.168711 
0.204697 
-0.220280 
-0.236925 
0.107347 
-0.277388 
-0.286808 
2.888240 
0.000000 
-0.300000 
0.000000 
4.000000 

37 3
-1.000000 0.000000 0.000000 
0.049690 -0.993808 -0.099381 
0.099012 -0.990148 -0.099015 
0.738250 -0.671179 -0.067118 
0.232855 -0.931497 -0.279449 
0.276147 -0.920582 -0.276174 
0.779635 -0.599824 -0.179947 
0.373335 -0.829757 -0.414878 
0.861433 -0.359119 -0.359119 
0.469937 -0.723136 -0.506195 
0.534019 -0.628435 -0.565591 
0.859390 -0.343951 -0.378346 
0.854520 -0.316695 -0.411704 
0.849102 -0.293009 -0.439514 
0.843515 -0.272324 -0.462950 
0.840731 -0.262953 -0.473316 
0.855148 -0.251749 -0.453149 
0.867821 -0.241305 -0.434349 
0.873582 -0.236351 -0.425432 
0.861686 -0.246436 -0.443584 
0.848175 -0.257253 -0.463055 
0.846313 -0.282323 -0.451717 
0.851851 -0.304444 -0.426221 
0.857056 -0.329838 -0.395806 
0.505270 -0.673860 -0.539088 
0.426498 -0.775592 -0.465355 
0.792527 -0.566219 -0.226488 
0.348115 -0.870402 -0.348161 
0.309025 -0.883031 -0.353213 
0.761962 -0.635045 -0.127009 
0.192438 -0.962253 -0.192451 
0.145515 -0.970143 -0.194029 
1.000000 0.000000 0.000000 
1.000000 -1.000000 0.000000 
0.000000 -1.000000 0.000000 
0.000000 0.000000 -1.000000 
0.000000 0.000000 1.000000 

37 1
0.010000 
-0.298639 
-0.294140 
0.054761 
-0.265387 
-0.251876 
0.157362 
-0.203995 
0.500636 
-0.132580 
-0.061197 
0.538517 
0.610100 
0.677039 
0.740238 
0.770662 
0.868404 
0.965114 
1.013087 
0.916887 
0.819663 
0.709057 
0.644088 
0.574954 
-0.096558 
-0.168711 
0.204697 
-0.220280 
-0.236925 
0.107347 
-0.277388 
-0.286808 
2.888240 
0.000000 
-0.300000 
0.000000 
4.000000 

37 3
-1.000000 0.000000 0.000000 
0.049690 -0.993808 -0.099381 
0.099012 -0.990148 -0.099015 
0.738250 -0.671179 -0.067118 
0.232855 -0.931497 -0.279449 
0.276147 -0.920582 -0.276174 
0.779635 -0.599824 -0.179947 
0.373335 -0.829757 -0.414878 
0.861433 -0.359119 -0.359119 
0.469937 -0.723136 -0.506195 
0.534019 -0.628435 -0.565591 
0.859390 -0.343951 -0.378346 
0.854520 -0.316695 -0.411704 
0.849102 -0.293009 -0.439514 
0.843515 -0.272324 -0.462950 
0.845295 -0.248848 -0.472812 
0.858621 -0.238747 -0.453619 
0.864692 -0.233946 -0.444497 
0.852165 -0.243713 -0.463054 
0.837978 -0.254160 -0.482904 
0.840731 -0.262953 -0.473316 
0.846313 -0.282323 -0.451717 
0.851851 -0.304444 -0.426221 
0.857056 -0.329838 -0.395806 
0.505270 -0.673860 -0.539088 
0.426498 -0.775592 -0.465355 
0.792527 -0.566219 -0.226488 
0.348115 -0.870402 -0.348161 
0.309025 -0.883031 -0.353213 
0.761962 -0.635045 -0.127009 
0.192438 -0.962253 -0.192451 
0.145515 -0.970143 -0.194029 
1.000000 0.000000 0.000000 
1.000000 -1.000000 0.000000 
0.000000 -1.000000 0.000000 
0.000000 0.000000 -1.000000 
0.000000 0.000000 1.000000 

37 1
0.010000 
-0.298639 
-0.294140 
0.054761 
-0.265387 
-0.251876 
0.157362 
-0.203995 
0.500636 
-0.132580 
-0.061197 
0.538517 
0.610100 
0.677039 
0.740238 
0.849190 
0.946049 
0.994121 
0.897739 
0.800404 
0.770662 
0.709057 
0.644088 
0.574954 
-0.096558 
-0.168711 
0.204697 
-0.220280 
-0.236925 
0.107347 
-0.277388 
-0.286808 
2.888240 
0.000000 
-0.300000 
0.000000 
4.000000 

37 3
-1.000000 0.000000 0.000000 
0.049690 -0.993808 -0.099381 
0.099012 -0.990148 -0.099015 
0.738250 -0.671179 -0.067118 
0.232855 -0.931497 -0.279449 
0.276147 -0.920582 -0.276174 
0.779635 -0.599824 -0.179947 
0.373335 -0.829757 -0.414878 
0.861433 -0.359119 -0.359119 
0.469937 -0.723136 -0.506195 
0.534019 -0.628435 -0.565591 
0.859390 -0.343951 -0.378346 
0.854520 -0.316695 -0.411704 
0.849102 -0.293009 -0.439514 
0.843515 -0.272324 -0.462950 
0.837978 -0.254160 -0.482904 
0.835269 -0.245897 -0.491794 
0.849233 -0.236137 -0.472273 
0.855609 -0.231488 -0.462976 
0.842463 -0.240938 -0.481876 
0.840731 -0.262953 -0.473316 
0.846313 -0.282323 -0.451717 
0.851851 -0.304444 -0.426221 
0.857056 -0.329838 -0.395806 
0.505270 -0.673860 -0.539088 
0.426498 -0.775592 -0.465355 
0.792527 -0.566219 -0.226488 
0.348115 -0.870402 -0.348161 
0.309025 -0.883031 -0.353213 
0.761962 -0.635045 -0.127009 
0.192438 -0.962253 -0.192451 
0.145515 -0.970143 -0.194029 
1.000000 0.000000 0.000000 
1.000000 -1.000000 0.000000 
0.000000 -1.000000 0.000000 
0.000000 0.000000 -1.000000 
0.000000 0.000000 1.000000 

37 1
0.010000 
-0.298639 
-0.294140 
0.054761 
-0.265387 
-0.251876 
0.157362 
-0.203995 
0.500636 
-0.132580 
-0.061197 
0.538517 
0.610100 
0.677039 
0.740238 
0.800404 
0.829528 
0.926496 
0.974650 
0.878122 
0.770662 
0.709057 
0.644088 
0.574954 
-0.096558 
-0.168711 
0.204697 
-0.220280 
-0.236925 
0.107347 
-0.277388 
-0.286808 
2.888240 
0.000000 
-0.300000 
0.000000 
4.000000 

37 3
-1.000000 0.000000 0.000000 
0.049690 -0.993808 -0.099381 
0.099012 -0.990148 -0.099015 
0.738250 -0.671179 -0.067118 
0.232855 -0.931497 -0.279449 
0.276147 -0.920582 -0.276174 
0.779635 -0.599824 -0.179947 
0.373335 -0.829757 -0.414878 
0.861433 -0.359119 -0.359119 
0.469937 -0.723136 -0.506195 
0.534019 -0.628435 -0.565591 
0.859390 -0.343951 -0.378346 
0.854520 -0.316695 -0.411704 
0.849102 -0.293009 -0.439514 
0.843515 -0.272324 -0.462950 
0.837978 -0.254160 -0.482904 
0.839689 -0.233483 -0.490314 
0.846362 -0.228986 -0.480871 
0.832613 -0.238121 -0.500054 
0.835269 -0.245897 -0.491794 
0.840731 -0.262953 -0.473316 
0.846313 -0.282323 -0.451717 
0.851851 -0.304444 -0.426221 
0.857056 -0.329838 -0.395806 
0.505270 -0.673860 -0.539088 
0.426498 -0.775592 -0.465355 
0.792527 -0.566219 -0.226488 
0.348115 -0.870402 -0.348161 
0.309025 -0.883031 -0.353213 
0.761962 -0.635045 -0.127009 
0.192438 -0.962253 -0.192451 
0.145515 -0.970143 -0.194029 
1.000000 0.000000 0.000000 
1.000000 -1.000000 0.000000 
0.000000 -1.000000 0.000000 
0.000000 0.000000 -1.000000 
0.000000 0.000000 1.000000 

37 1
0.010000 
-0.298639 
-0.294140 
0.054761 
-0.265387 
-0.251876 
0.157362 
-0.203995 
0.500636 
-0.132580 
-0.061197 
0.538517 
0.610100 
0.677039 
0.740238 
0.800404 
0.906511 
0.954728 
0.858091 
0.829528 
0.770662 
0.709057 
0.644088 
0.574954 
-0.096558 
-0.168711 
0.204697 
-0.220280 
-0.236925 
0.107347 
-0.277388 
-0.286808 
2.888240 
0.000000 
-0.300000 
0.000000 
4.000000 

37 3
-1.000000 0.000000 0.000000 
0.049690 -0.993808 -0.099381 
0.099012 -0.990148 -0.099015 
0.738250 -0.671179 -0.067118 
0.232855 -0.931497 -0.279449 
0.276147 -0.920582 -0.276174 
0.779635 -0.599824 -0.179947 
0.373335 -0.829757 -0.414878 
0.861433 -0.359119 -0.359119 
0.469937 -0.723136 -0.506195 
0.534019 -0.628435 -0.565591 
0.859390 -0.343951 -0.378346 
0.854520 -0.316695 -0.411704 
0.849102 -0.293009 -0.439514 
0.843515 -0.272324 -0.462950 
0.837978 -0.254160 -0.482904 
0.832613 -0.238121 -0.500054 
0.830017 -0.230793 -0.507746 
0.836979 -0.226448 -0.498185 
0.835269 -0.245897 -0.491794 
0.840731 -0.262953 -0.473316 
0.846313 -0.282323 -0.451717 
0.851851 -0.304444 -0.426221 
0.857056 -0.329838 -0.395806 
0.505270 -0.673860 -0.539088 
0.426498 -0.775592 -0.465355 
0.792527 -0.566219 -0.226488 
0.348115 -0.870402 -0.348161 
0.309025 -0.883031 -0.353213 
0.761962 -0.635045 -0.127009 
0.192438 -0.962253 -0.192451 
0.145515 -0.970143 -0.194029 
1.000000 0.000000 0.000000 
1.000000 -1.000000 0.000000 
0.000000 -1.000000 0.000000 
0.000000 0.000000 -1.000000 
0.000000 0.000000 1.000000 

37 1
0.010000 
-0.298639 
-0.294140 
0.054761 
-0.265387 
-0.251876 
0.157362 
-0.203995 
0.500636 
-0.132580 
-0.061197 
0.538517 
0.610100 
0.677039 
0.740238 
0.800404 
0.858091 
0.886145 
0.934407 
0.829528 
0.770662 
0.709057 
0.644088 
0.574954 
-0.096558 
-0.168711 
0.204697 
-0.220280 
-0.236925 
0.107347 
-0.277388 
-0.286808 
2.888240 
0.000000 
-0.300000 
0.000000 
4.000000 

37 3
-1.000000 0.000000 0.000000 
0.049690 -0.993808 -0.099381 
0.099012 -0.990148 -0.099015 
0.738250 -0.671179 -0.067118 
0.232855 -0.931497 -0.279449 
0.276147 -0.920582 -0.276174 
0.779635 -0.599824 -0.179947 
0.373335 -0.829757 -0.414878 
0.861433 -0.359119 -0.359119 
0.469937 -0.723136 -0.506195 
0.534019 -0.628435 -0.565591 
0.859390 -0.343951 -0.378346 
0.854520 -0.316695 -0.411704 
0.849102 -0.293009 -0.439514 
0.843515 -0.272324 -0.462950 
0.837978 -0.254160 -0.482904 
0.832613 -0.238121 -0.500054 
0.827486 -0.223879 -0.514923 
0.830017 -0.230793 -0.507746 
0.835269 -0.245897 -0.491794 
0.840731 -0.262953 -0.473316 
0.846313 -0.282323 -0.451717 
0.851851 -0.304444 -0.426221 
0.857056 -0.329838 -0.395806 
0.505270 -0.673860 -0.539088 
0.426498 -0.775592 -0.465355 
0.792527 -0.566219 -0.226488 
0.348115 -0.870402 -0.348161 
0.309025 -0.883031 -0.353213 
0.761962 -0.635045 -0.127009 
0.192438 -0.962253 -0.192451 
0.145515 -0.970143 -0.194029 
1.000000 0.000000 0.000000 
1.000000 -1.000000 0.000000 
0.000000 -1.000000 0.000000 
0.000000 0.000000 -1.000000 
0.000000 0.000000 1.000000 

37 1
0.010000 
-0.298639 
-0.294140 
0.054761 
-0.265387 
-0.251876 
0.157362 
-0.203995 
0.500636 
-0.132580 
-0.061197 
0.538517 
0.610100 
0.677039 
0.740238 
0.800404 
0.858091 
0.913734 
0.886145 
0.829528 
0.770662 
0.709057 
0.644088 
0.574954 
-0.096558 
-0.168711 
0.204697 
-0.220280 
-0.236925 
0.107347 
-0.277388 
-0.286808 
2.888240 
0.000000 
-0.300000 
0.000000 
4.000000 

