31 3
-1.000000 0.000000 0.000000 
0.943951 -0.295237 -0.147619 
0.932971 -0.321951 -0.160975 
0.049690 -0.993808 -0.099381 
0.099012 -0.990148 -0.099015 
0.936954 -0.312560 -0.156280 
0.912785 -0.365321 -0.182661 
0.232855 -0.931497 -0.279449 
0.276147 -0.920582 -0.276174 
0.441350 -0.802601 -0.401300 
0.872801 -0.436548 -0.218274 
0.891406 -0.405360 -0.202680 
0.906383 -0.377857 -0.188929 
0.940602 -0.303668 -0.151834 
0.923833 -0.342384 -0.171192 
0.899289 -0.391182 -0.195591 
0.861794 -0.453706 -0.226853 
0.373335 -0.829757 -0.414878 
0.408192 -0.816519 -0.408260 
0.348115 -0.870402 -0.348161 
0.309025 -0.883031 -0.353213 
0.928613 -0.331878 -0.165939 
0.882621 -0.420458 -0.210229 
0.192438 -0.962253 -0.192451 
0.145515 -0.970143 -0.194029 
0.918577 -0.353515 -0.176757 
1.000000 0.000000 0.000000 
1.000000 -1.000000 0.000000 
0.000000 -1.000000 0.000000 
0.000000 0.000000 -1.000000 
0.000000 0.000000 1.000000 

31 1
0.010000 
0.953556 
0.808303 
-0.298639 
-0.294140 
0.857200 
0.607046 
-0.265387 
-0.251876 
-0.165758 
0.339273 
0.448900 
0.555099 
0.905606 
0.708890 
0.502401 
0.283038 
-0.203995 
-0.185094 
-0.220280 
-0.236925 
0.758879 
0.394543 
-0.277388 
-0.286808 
0.658294 
2.494055 
0.000000 
-0.300000 
0.000000 
4.000000 

30 3
-1.000000 0.000000 0.000000 
0.049690 -0.993808 -0.099381 
0.099012 -0.990148 -0.099015 
0.861794 -0.453706 -0.226853 
0.927697 -0.320131 -0.192079 
0.232855 -0.931497 -0.279449 
0.276147 -0.920582 -0.276174 
0.373335 -0.829757 -0.414878 
0.426498 -0.775592 -0.465355 
0.863794 -0.432043 -0.259226 
0.883457 -0.401745 -0.241047 
0.899348 -0.374925 -0.224955 
0.912328 -0.351110 -0.210666 
0.923038 -0.329885 -0.197931 
0.939458 -0.293832 -0.176299 
0.917933 -0.340197 -0.204118 
0.906157 -0.362669 -0.217601 
0.891814 -0.387931 -0.232759 
0.874162 -0.416428 -0.249857 
0.348115 -0.870402 -0.348161 
0.309025 -0.883031 -0.353213 
0.935868 -0.302139 -0.181284 
0.192438 -0.962253 -0.192451 
0.145515 -0.970143 -0.194029 
0.931960 -0.310894 -0.186537 
1.000000 0.000000 0.000000 
1.000000 -1.000000 0.000000 
0.000000 -1.000000 0.000000 
0.000000 0.000000 -1.000000 
0.000000 0.000000 1.000000 

30 1
0.010000 
-0.298639 
-0.294140 
0.283038 
0.800212 
-0.265387 
-0.251876 
-0.203995 
-0.168711 
0.331019 
0.440478 
0.546666 
0.649953 
0.750695 
0.945785 
0.700621 
0.598650 
0.493958 
0.386181 
-0.220280 
-0.236925 
0.897725 
-0.277388 
-0.286808 
0.849211 
2.494055 
0.000000 
-0.300000 
0.000000 
4.000000 

31 3
-1.000000 0.000000 0.000000 
0.049690 -0.993808 -0.099381 
0.099012 -0.990148 -0.099015 
0.232855 -0.931497 -0.279449 
0.276147 -0.920582 -0.276174 
0.861794 -0.453706 -0.226853 
0.373335 -0.829757 -0.414878 
0.874332 -0.397596 -0.278317 
0.891242 -0.371545 -0.260082 
0.905104 -0.348330 -0.243831 
0.916577 -0.327576 -0.229303 
0.934230 -0.292197 -0.204538 
0.921578 -0.318020 -0.222614 
0.911105 -0.337667 -0.236367 
0.898508 -0.359607 -0.251725 
0.883217 -0.384191 -0.268934 
0.864472 -0.411812 -0.288269 
0.469937 -0.723136 -0.506195 
0.426498 -0.775592 -0.465355 
0.863794 -0.432043 -0.259226 
0.926159 -0.308959 -0.216272 
0.930363 -0.300362 -0.210254 
0.348115 -0.870402 -0.348161 
0.309025 -0.883031 -0.353213 
0.192438 -0.962253 -0.192451 
0.145515 -0.970143 -0.194029 
1.000000 0.000000 0.000000 
1.000000 -1.000000 0.000000 
0.000000 -1.000000 0.000000 
0.000000 0.000000 -1.000000 
0.000000 0.000000 1.000000 

31 1
0.010000 
-0.298639 
-0.294140 
-0.265387 
-0.251876 
0.283038 
-0.203995 
0.430760 
0.536909 
0.640279 
0.741182 
0.936723 
0.790800 
0.691020 
0.588921 
0.484201 
0.376546 
-0.132580 
-0.168711 
0.331019 
0.839909 
0.888540 
-0.220280 
-0.236925 
-0.277388 
-0.286808 
2.494055 
0.000000 
-0.300000 
0.000000 
4.000000 

32 3
-1.000000 0.000000 0.000000 
0.049690 -0.993808 -0.099381 
0.099012 -0.990148 -0.099015 
0.232855 -0.931497 -0.279449 
0.276147 -0.920582 -0.276174 
0.373335 -0.829757 -0.414878 
0.928304 -0.290343 -0.232275 
0.924131 -0.298350 -0.238680 
0.864472 -0.411812 -0.288269 
0.469937 -0.723136 -0.506195 
0.505270 -0.673860 -0.539088 
0.864147 -0.392964 -0.314371 
0.882155 -0.367757 -0.294206 
0.896978 -0.345202 -0.276162 
0.909288 -0.324971 -0.259977 
0.919599 -0.306771 -0.245417 
0.914667 -0.315634 -0.252507 
0.903412 -0.334816 -0.267853 
0.889919 -0.356170 -0.284936 
0.873599 -0.380007 -0.304006 
0.426498 -0.775592 -0.465355 
0.863794 -0.432043 -0.259226 
0.348115 -0.870402 -0.348161 
0.309025 -0.883031 -0.353213 
0.192438 -0.962253 -0.192451 
0.145515 -0.970143 -0.194029 
0.861794 -0.453706 -0.226853 
1.000000 0.000000 0.000000 
1.000000 -1.000000 0.000000 
0.000000 -1.000000 0.000000 
0.000000 0.000000 -1.000000 
0.000000 0.000000 1.000000 

32 1
0.010000 
-0.298639 
-0.294140 
-0.265387 
-0.251876 
-0.203995 
0.926427 
0.878113 
0.376546 
-0.132580 
-0.096558 
0.419848 
0.525918 
0.629353 
0.730413 
0.829358 
0.780135 
0.680163 
0.577949 
0.473229 
-0.168711 
0.331019 
-0.220280 
-0.236925 
-0.277388 
-0.286808 
0.283038 
2.494055 
0.000000 
-0.300000 
0.000000 
4.000000 

33 3
-1.000000 0.000000 0.000000 
0.049690 -0.993808 -0.099381 
0.099012 -0.990148 -0.099015 
0.861794 -0.453706 -0.226853 
0.232855 -0.931497 -0.279449 
0.276147 -0.920582 -0.276174 
0.373335 -0.829757 -0.414878 
0.864472 -0.411812 -0.288269 
0.469937 -0.723136 -0.506195 
0.872186 -0.363601 -0.327241 
0.888028 -0.341758 -0.307582 
0.901234 -0.322093 -0.289884 
0.912330 -0.304346 -0.273911 
0.917218 -0.296118 -0.266506 
0.907018 -0.312995 -0.281696 
0.894925 -0.331670 -0.298503 
0.880475 -0.352390 -0.317151 
0.863069 -0.375427 -0.337884 
0.534019 -0.628435 -0.565591 
0.505270 -0.673860 -0.539088 
0.864147 -0.392964 -0.314371 
0.921723 -0.288285 -0.259457 
0.426498 -0.775592 -0.465355 
0.863794 -0.432043 -0.259226 
0.348115 -0.870402 -0.348161 
0.309025 -0.883031 -0.353213 
0.192438 -0.962253 -0.192451 
0.145515 -0.970143 -0.194029 
1.000000 0.000000 0.000000 
1.000000 -1.000000 0.000000 
0.000000 -1.000000 0.000000 
0.000000 0.000000 -1.000000 
0.000000 0.000000 1.000000 

33 1
0.010000 
-0.298639 
-0.294140 
0.283038 
-0.265387 
-0.251876 
-0.203995 
0.376546 
-0.132580 
0.513794 
0.617263 
0.718468 
0.817628 
0.866509 
0.768290 
0.668135 
0.565825 
0.461142 
-0.061197 
-0.096558 
0.419848 
0.914958 
-0.168711 
0.331019 
-0.220280 
-0.236925 
-0.277388 
-0.286808 
2.494055 
0.000000 
-0.300000 
0.000000 
4.000000 

33 3
-1.000000 0.000000 0.000000 
0.049690 -0.993808 -0.099381 
0.099012 -0.990148 -0.099015 
0.232855 -0.931497 -0.279449 
0.276147 -0.920582 -0.276174 
0.373335 -0.829757 -0.414878 
0.864472 -0.411812 -0.288269 
0.469937 -0.723136 -0.506195 
0.863069 -0.375427 -0.337884 
0.534019 -0.628435 -0.565591 
0.861433 -0.359119 -0.359119 
0.878336 -0.338028 -0.338028 
0.892481 -0.318965 -0.318965 
0.904406 -0.301703 -0.301703 
0.914531 -0.286036 -0.286036 
0.909671 -0.293682 -0.293682 
0.898693 -0.310122 -0.310122 
0.885717 -0.328257 -0.328257 
0.870268 -0.348305 -0.348305 
0.505270 -0.673860 -0.539088 
0.864147 -0.392964 -0.314371 
0.426498 -0.775592 -0.465355 
0.863794 -0.432043 -0.259226 
0.348115 -0.870402 -0.348161 
0.309025 -0.883031 -0.353213 
0.192438 -0.962253 -0.192451 
0.145515 -0.970143 -0.194029 
0.861794 -0.453706 -0.226853 
1.000000 -1.000000 0.000000 
0.000000 -1.000000 0.000000 
0.000000 0.000000 -1.000000 
1.000000 0.000000 0.000000 
0.000000 0.000000 1.000000 

33 1
0.010000 
-0.298639 
-0.294140 
-0.265387 
-0.251876 
-0.203995 
0.376546 
-0.132580 
0.461142 
-0.061197 
0.500636 
0.604104 
0.705430 
0.804795 
0.902384 
0.853800 
0.755346 
0.655023 
0.552648 
-0.096558 
0.419848 
-0.168711 
0.331019 
-0.220280 
-0.236925 
-0.277388 
-0.286808 
0.283038 
0.000000 
-0.300000 
0.000000 
2.494055 
4.000000 

33 3
-1.000000 0.000000 0.000000 
0.049690 -0.993808 -0.099381 
0.099012 -0.990148 -0.099015 
0.232855 -0.931497 -0.279449 
0.276147 -0.920582 -0.276174 
0.373335 -0.829757 -0.414878 
0.864472 -0.411812 -0.288269 
0.469937 -0.723136 -0.506195 
0.863069 -0.375427 -0.337884 
0.534019 -0.628435 -0.565591 
0.867984 -0.334044 -0.367448 
0.883097 -0.315611 -0.347172 
0.895884 -0.298860 -0.328746 
0.906774 -0.283610 -0.311971 
0.901543 -0.291058 -0.320164 
0.889753 -0.307037 -0.337741 
0.875863 -0.324605 -0.357066 
0.859390 -0.343951 -0.378346 
0.861433 -0.359119 -0.359119 
0.505270 -0.673860 -0.539088 
0.864147 -0.392964 -0.314371 
0.426498 -0.775592 -0.465355 
0.863794 -0.432043 -0.259226 
0.348115 -0.870402 -0.348161 
0.309025 -0.883031 -0.353213 
0.192438 -0.962253 -0.192451 
0.145515 -0.970143 -0.194029 
0.861794 -0.453706 -0.226853 
1.000000 0.000000 0.000000 
1.000000 -1.000000 0.000000 
0.000000 -1.000000 0.000000 
0.000000 0.000000 -1.000000 
0.000000 0.000000 1.000000 

33 1
0.010000 
-0.298639 
-0.294140 
-0.265387 
-0.251876 
-0.203995 
0.376546 
-0.132580 
0.461142 
-0.061197 
0.589969 
0.691385 
0.790936 
0.888775 
0.840059 
0.741384 
0.640919 
0.538517 
0.500636 
-0.096558 
0.419848 
-0.168711 
0.331019 
-0.220280 
-0.236925 
-0.277388 
-0.286808 
0.283038 
2.494055 
0.000000 
-0.300000 
0.000000 
4.000000 

33 3
-1.000000 0.000000 0.000000 
0.049690 -0.993808 -0.099381 
0.099012 -0.990148 -0.099015 
0.232855 -0.931497 -0.279449 
0.276147 -0.920582 -0.276174 
0.373335 -0.829757 -0.414878 
0.864472 -0.411812 -0.288269 
0.469937 -0.723136 -0.506195 
0.863069 -0.375427 -0.337884 
0.534019 -0.628435 -0.565591 
0.859390 -0.343951 -0.378346 
0.857056 -0.329838 -0.395806 
0.873152 -0.312057 -0.374468 
0.886822 -0.295837 -0.355004 
0.898501 -0.281022 -0.337227 
0.892887 -0.288263 -0.345916 
0.880261 -0.303761 -0.364514 
0.865438 -0.320742 -0.384891 
0.861433 -0.359119 -0.359119 
0.505270 -0.673860 -0.539088 
0.864147 -0.392964 -0.314371 
0.426498 -0.775592 -0.465355 
0.863794 -0.432043 -0.259226 
0.348115 -0.870402 -0.348161 
0.309025 -0.883031 -0.353213 
0.192438 -0.962253 -0.192451 
0.145515 -0.970143 -0.194029 
0.861794 -0.453706 -0.226853 
1.000000 0.000000 0.000000 
1.000000 -1.000000 0.000000 
0.000000 -1.000000 0.000000 
0.000000 0.000000 -1.000000 
0.000000 0.000000 1.000000 

33 1
0.010000 
-0.298639 
-0.294140 
-0.265387 
-0.251876 
-0.203995 
0.376546 
-0.132580 
0.461142 
-0.061197 
0.538517 
0.574954 
0.676421 
0.776130 
0.874202 
0.825363 
0.726488 
0.625914 
0.500636 
-0.096558 
0.419848 
-0.168711 
0.331019 
-0.220280 
-0.236925 
-0.277388 
-0.286808 
0.283038 
2.494055 
0.000000 
-0.300000 
0.000000 
4.000000 

33 3
-1.000000 0.000000 0.000000 
0.049690 -0.993808 -0.099381 
0.099012 -0.990148 -0.099015 
0.232855 -0.931497 -0.279449 
0.276147 -0.920582 -0.276174 
0.373335 -0.829757 -0.414878 
0.864472 -0.411812 -0.288269 
0.469937 -0.723136 -0.506195 
0.863069 -0.375427 -0.337884 
0.534019 -0.628435 -0.565591 
0.859390 -0.343951 -0.378346 
0.862714 -0.308326 -0.400824 
0.877276 -0.292652 -0.380448 
0.889761 -0.278288 -0.361775 
0.883754 -0.285315 -0.370909 
0.870280 -0.300317 -0.390413 
0.854520 -0.316695 -0.411704 
0.857056 -0.329838 -0.395806 
0.861433 -0.359119 -0.359119 
0.505270 -0.673860 -0.539088 
0.864147 -0.392964 -0.314371 
0.426498 -0.775592 -0.465355 
0.863794 -0.432043 -0.259226 
0.348115 -0.870402 -0.348161 
0.309025 -0.883031 -0.353213 
0.192438 -0.962253 -0.192451 
0.145515 -0.970143 -0.194029 
0.861794 -0.453706 -0.226853 
1.000000 0.000000 0.000000 
1.000000 -1.000000 0.000000 
0.000000 -1.000000 0.000000 
0.000000 0.000000 -1.000000 
0.000000 0.000000 1.000000 

33 1
0.010000 
-0.298639 
-0.294140 
-0.265387 
-0.251876 
-0.203995 
0.376546 
-0.132580 
0.461142 
-0.061197 
0.538517 
0.660626 
0.760460 
0.858741 
0.809788 
0.710743 
0.610100 
0.574954 
0.500636 
-0.096558 
0.419848 
-0.168711 
0.331019 
-0.220280 
-0.236925 
-0.277388 
-0.286808 
0.283038 
2.494055 
0.000000 
-0.300000 
0.000000 
4.000000 

33 3
-1.000000 0.000000 0.000000 
0.049690 -0.993808 -0.099381 
0.099012 -0.990148 -0.099015 
0.232855 -0.931497 -0.279449 
0.276147 -0.920582 -0.276174 
0.373335 -0.829757 -0.414878 
0.864472 -0.411812 -0.288269 
0.469937 -0.723136 -0.506195 
0.863069 -0.375427 -0.337884 
0.534019 -0.628435 -0.565591 
0.859390 -0.343951 -0.378346 
0.854520 -0.316695 -0.411704 
0.851851 -0.304444 -0.426221 
0.867306 -0.289326 -0.405057 
0.880602 -0.275424 -0.385593 
0.874199 -0.282230 -0.395122 
0.859873 -0.296726 -0.415417 
0.857056 -0.329838 -0.395806 
0.861433 -0.359119 -0.359119 
0.505270 -0.673860 -0.539088 
0.864147 -0.392964 -0.314371 
0.426498 -0.775592 -0.465355 
0.863794 -0.432043 -0.259226 
0.348115 -0.870402 -0.348161 
0.309025 -0.883031 -0.353213 
0.192438 -0.962253 -0.192451 
0.145515 -0.970143 -0.194029 
0.861794 -0.453706 -0.226853 
1.000000 0.000000 0.000000 
1.000000 -1.000000 0.000000 
0.000000 -1.000000 0.000000 
0.000000 0.000000 -1.000000 
0.000000 0.000000 1.000000 

33 1
0.010000 
-0.298639 
-0.294140 
-0.265387 
-0.251876 
-0.203995 
0.376546 
-0.132580 
0.461142 
-0.061197 
0.538517 
0.610100 
0.644088 
0.744005 
0.842465 
0.793413 
0.694233 
0.574954 
0.500636 
-0.096558 
0.419848 
-0.168711 
0.331019 
-0.220280 
-0.236925 
-0.277388 
-0.286808 
0.283038 
2.494055 
0.000000 
-0.300000 
0.000000 
4.000000 

33 3
-1.000000 0.000000 0.000000 
0.049690 -0.993808 -0.099381 
0.099012 -0.990148 -0.099015 
0.232855 -0.931497 -0.279449 
0.276147 -0.920582 -0.276174 
0.373335 -0.829757 -0.414878 
0.864472 -0.411812 -0.288269 
0.469937 -0.723136 -0.506195 
0.863069 -0.375427 -0.337884 
0.534019 -0.628435 -0.565591 
0.859390 -0.343951 -0.378346 
0.854520 -0.316695 -0.411704 
0.856966 -0.285877 -0.428816 
0.871073 -0.272443 -0.408665 
0.864274 -0.279026 -0.418539 
0.849102 -0.293009 -0.439514 
0.851851 -0.304444 -0.426221 
0.857056 -0.329838 -0.395806 
0.861433 -0.359119 -0.359119 
0.505270 -0.673860 -0.539088 
0.864147 -0.392964 -0.314371 
0.426498 -0.775592 -0.465355 
0.863794 -0.432043 -0.259226 
0.348115 -0.870402 -0.348161 
0.309025 -0.883031 -0.353213 
0.192438 -0.962253 -0.192451 
0.145515 -0.970143 -0.194029 
0.861794 -0.453706 -0.226853 
1.000000 0.000000 0.000000 
1.000000 -1.000000 0.000000 
0.000000 -1.000000 0.000000 
0.000000 0.000000 -1.000000 
0.000000 0.000000 1.000000 

33 1
0.010000 
-0.298639 
-0.294140 
-0.265387 
-0.251876 
-0.203995 
0.376546 
-0.132580 
0.461142 
-0.061197 
0.538517 
0.610100 
0.726845 
0.825448 
0.776313 
0.677039 
0.644088 
0.574954 
0.500636 
-0.096558 
0.419848 
-0.168711 
0.331019 
-0.220280 
-0.236925 
-0.277388 
-0.286808 
0.283038 
2.494055 
0.000000 
-0.300000 
0.000000 
4.000000 

33 3
-1.000000 0.000000 0.000000 
0.049690 -0.993808 -0.099381 
0.099012 -0.990148 -0.099015 
0.232855 -0.931497 -0.279449 
0.276147 -0.920582 -0.276174 
0.373335 -0.829757 -0.414878 
0.864472 -0.411812 -0.288269 
0.469937 -0.723136 -0.506195 
0.863069 -0.375427 -0.337884 
0.534019 -0.628435 -0.565591 
0.859390 -0.343951 -0.378346 
0.854520 -0.316695 -0.411704 
0.849102 -0.293009 -0.439514 
0.846313 -0.282323 -0.451717 
0.861221 -0.269362 -0.430979 
0.854030 -0.275718 -0.441149 
0.851851 -0.304444 -0.426221 
0.857056 -0.329838 -0.395806 
0.861433 -0.359119 -0.359119 
0.505270 -0.673860 -0.539088 
0.864147 -0.392964 -0.314371 
0.426498 -0.775592 -0.465355 
0.863794 -0.432043 -0.259226 
0.348115 -0.870402 -0.348161 
0.309025 -0.883031 -0.353213 
0.192438 -0.962253 -0.192451 
0.145515 -0.970143 -0.194029 
0.861794 -0.453706 -0.226853 
1.000000 0.000000 0.000000 
1.000000 -1.000000 0.000000 
0.000000 -1.000000 0.000000 
0.000000 0.000000 -1.000000 
0.000000 0.000000 1.000000 

33 1
0.010000 
-0.298639 
-0.294140 
-0.265387 
-0.251876 
-0.203995 
0.376546 
-0.132580 
0.461142 
-0.061197 
0.538517 
0.610100 
0.677039 
0.709057 
0.807761 
0.758564 
0.644088 
0.574954 
0.500636 
-0.096558 
0.419848 
-0.168711 
0.331019 
-0.220280 
-0.236925 
-0.277388 
-0.286808 
0.283038 
2.494055 
0.000000 
-0.300000 
0.000000 
4.000000 

33 3
-1.000000 0.000000 0.000000 
0.049690 -0.993808 -0.099381 
0.099012 -0.990148 -0.099015 
0.232855 -0.931497 -0.279449 
0.276147 -0.920582 -0.276174 
0.373335 -0.829757 -0.414878 
0.864472 -0.411812 -0.288269 
0.469937 -0.723136 -0.506195 
0.863069 -0.375427 -0.337884 
0.534019 -0.628435 -0.565591 
0.859390 -0.343951 -0.378346 
0.854520 -0.316695 -0.411704 
0.849102 -0.293009 -0.439514 
0.851092 -0.266194 -0.452530 
0.843515 -0.272324 -0.462950 
0.846313 -0.282323 -0.451717 
0.851851 -0.304444 -0.426221 
0.857056 -0.329838 -0.395806 
0.861433 -0.359119 -0.359119 
0.505270 -0.673860 -0.539088 
0.864147 -0.392964 -0.314371 
0.426498 -0.775592 -0.465355 
0.863794 -0.432043 -0.259226 
0.348115 -0.870402 -0.348161 
0.309025 -0.883031 -0.353213 
0.192438 -0.962253 -0.192451 
0.145515 -0.970143 -0.194029 
0.861794 -0.453706 -0.226853 
1.000000 0.000000 0.000000 
1.000000 -1.000000 0.000000 
0.000000 -1.000000 0.000000 
0.000000 0.000000 -1.000000 
0.000000 0.000000 1.000000 

33 1
0.010000 
-0.298639 
-0.294140 
-0.265387 
-0.251876 
-0.203995 
0.376546 
-0.132580 
0.461142 
-0.061197 
0.538517 
0.610100 
0.677039 
0.789477 
0.740238 
0.709057 
0.644088 
0.574954 
0.500636 
-0.096558 
0.419848 
-0.168711 
0.331019 
-0.220280 
-0.236925 
-0.277388 
-0.286808 
0.283038 
2.494055 
0.000000 
-0.300000 
0.000000 
4.000000 

33 3
-1.000000 0.000000 0.000000 
0.049690 -0.993808 -0.099381 
0.099012 -0.990148 -0.099015 
0.232855 -0.931497 -0.279449 
0.276147 -0.920582 -0.276174 
0.373335 -0.829757 -0.414878 
0.864472 -0.411812 -0.288269 
0.469937 -0.723136 -0.506195 
0.863069 -0.375427 -0.337884 
0.534019 -0.628435 -0.565591 
0.859390 -0.343951 -0.378346 
0.854520 -0.316695 -0.411704 
0.849102 -0.293009 -0.439514 
0.843515 -0.272324 -0.462950 
0.840731 -0.262953 -0.473316 
0.846313 -0.282323 -0.451717 
0.851851 -0.304444 -0.426221 
0.857056 -0.329838 -0.395806 
0.861433 -0.359119 -0.359119 
0.505270 -0.673860 -0.539088 
0.864147 -0.392964 -0.314371 
0.426498 -0.775592 -0.465355 
0.863794 -0.432043 -0.259226 
0.348115 -0.870402 -0.348161 
0.309025 -0.883031 -0.353213 
0.192438 -0.962253 -0.192451 
0.145515 -0.970143 -0.194029 
0.861794 -0.453706 -0.226853 
1.000000 0.000000 0.000000 
1.000000 -1.000000 0.000000 
0.000000 -1.000000 0.000000 
0.000000 0.000000 -1.000000 
0.000000 0.000000 1.000000 

33 1
0.010000 
-0.298639 
-0.294140 
-0.265387 
-0.251876 
-0.203995 
0.376546 
-0.132580 
0.461142 
-0.061197 
0.538517 
0.610100 
0.677039 
0.740238 
0.770662 
0.709057 
0.644088 
0.574954 
0.500636 
-0.096558 
0.419848 
-0.168711 
0.331019 
-0.220280 
-0.236925 
-0.277388 
-0.286808 
0.283038 
2.494055 
0.000000 
-0.300000 
0.000000 
4.000000 

