34 3
-1.000000 0.000000 0.000000 
0.195168 -0.975903 -0.097590 
0.147613 -0.984137 -0.098414 
0.846780 -0.529303 -0.052930 
0.369758 -0.924517 -0.092452 
0.328855 -0.939694 -0.093969 
0.873079 -0.485158 -0.048516 
0.893473 -0.446887 -0.044689 
0.909520 -0.413597 -0.041360 
0.922323 -0.384502 -0.038450 
0.932671 -0.358939 -0.035894 
0.941135 -0.336353 -0.033635 
0.937109 -0.347304 -0.034730 
0.927764 -0.371316 -0.037132 
0.916272 -0.398570 -0.039857 
0.901962 -0.429672 -0.042967 
0.883904 -0.465347 -0.046535 
0.860788 -0.506438 -0.050644 
0.241384 -0.965614 -0.096561 
0.286013 -0.953470 -0.095347 
0.830757 -0.553873 -0.055387 
0.049690 -0.993808 -0.099381 
0.099012 -0.990148 -0.099015 
1.000000 0.000000 0.000000 
1.000000 -1.000000 0.000000 
0.000000 -1.000000 0.000000 
0.000000 0.000000 -1.000000 
0.000000 0.000000 1.000000 
0.922323 -0.384502 -0.038450 
0.927764 -0.371316 -0.037132 
0.916272 -0.398570 -0.039857 
0.901962 -0.429672 -0.042967 
0.883904 -0.465347 -0.046535 
0.860788 -0.506438 -0.050644 

34 1
0.010000 
-0.278395 
-0.287992 
0.124366 
-0.220108 
-0.238032 
0.243721 
0.358034 
0.467949 
0.574089 
0.677009 
0.777185 
0.727413 
0.625920 
0.521454 
0.413501 
0.301468 
0.184713 
-0.267382 
-0.253247 
0.062616 
-0.298639 
-0.294140 
2.178801 
0.000000 
-0.300000 
0.000000 
4.000000 
0.574089 
0.625920 
0.521454 
0.413501 
0.301468 
0.184713 

31 3
-1.000000 0.000000 0.000000 
0.930874 -0.358247 -0.071649 
0.925851 -0.370551 -0.074110 
0.830757 -0.553873 -0.055387 
0.049690 -0.993808 -0.099381 
0.099012 -0.990148 -0.099015 
0.192438 -0.962253 -0.192451 
0.145515 -0.970143 -0.194029 
0.843244 -0.527093 -0.105419 
0.365107 -0.912887 -0.182577 
0.324584 -0.927489 -0.185498 
0.870013 -0.483454 -0.096691 
0.890809 -0.445555 -0.089111 
0.907195 -0.412540 -0.082508 
0.920284 -0.383653 -0.076731 
0.939542 -0.335784 -0.067157 
0.935418 -0.346677 -0.069335 
0.914096 -0.397623 -0.079525 
0.899475 -0.428487 -0.085697 
0.881047 -0.463842 -0.092768 
0.857495 -0.504500 -0.100900 
0.238077 -0.952385 -0.190477 
0.282190 -0.940728 -0.188146 
1.000000 0.000000 0.000000 
1.000000 -1.000000 0.000000 
0.000000 -1.000000 0.000000 
0.000000 0.000000 -1.000000 
0.000000 0.000000 1.000000 
0.925851 -0.370551 -0.074110 
0.830757 -0.553873 -0.055387 
0.935418 -0.346677 -0.069335 

31 1
0.010000 
0.674630 
0.623518 
0.062616 
-0.298639 
-0.294140 
-0.277388 
-0.286808 
0.122265 
-0.220077 
-0.237723 
0.241415 
0.355629 
0.465515 
0.571669 
0.774862 
0.725061 
0.519023 
0.411075 
0.299102 
0.182492 
-0.266576 
-0.252685 
2.178801 
0.000000 
-0.300000 
0.000000 
4.000000 
0.623518 
0.062616 
0.725061 

28 3
-1.000000 0.000000 0.000000 
0.830757 -0.553873 -0.055387 
0.049690 -0.993808 -0.099381 
0.099012 -0.990148 -0.099015 
0.357730 -0.894442 -0.268333 
0.317821 -0.908164 -0.272449 
0.864974 -0.480654 -0.144196 
0.886420 -0.443360 -0.133008 
0.903360 -0.410796 -0.123239 
0.916916 -0.382249 -0.114675 
0.936905 -0.334841 -0.100452 
0.922689 -0.369285 -0.110786 
0.910504 -0.396061 -0.118818 
0.895375 -0.426533 -0.127960 
0.876346 -0.461367 -0.138410 
0.852091 -0.501321 -0.150396 
0.232855 -0.931497 -0.279449 
0.276147 -0.920582 -0.276174 
0.192438 -0.962253 -0.192451 
0.145515 -0.970143 -0.194029 
0.843244 -0.527093 -0.105419 
0.927901 -0.357103 -0.107131 
0.932620 -0.345641 -0.103692 
1.000000 0.000000 0.000000 
1.000000 -1.000000 0.000000 
0.000000 -1.000000 0.000000 
0.000000 0.000000 -1.000000 
0.000000 0.000000 1.000000 

28 1
0.010000 
0.062616 
-0.298639 
-0.294140 
-0.220103 
-0.237311 
0.237613 
0.351660 
0.461493 
0.567666 
0.771013 
0.619542 
0.515004 
0.407068 
0.295199 
0.178836 
-0.265387 
-0.251876 
-0.277388 
-0.286808 
0.122265 
0.670690 
0.721164 
2.178801 
0.000000 
-0.300000 
0.000000 
4.000000 

28 3
-1.000000 0.000000 0.000000 
0.830757 -0.553873 -0.055387 
0.049690 -0.993808 -0.099381 
0.099012 -0.990148 -0.099015 
0.933250 -0.333535 -0.133414 
0.928745 -0.344204 -0.137682 
0.852091 -0.501321 -0.150396 
0.232855 -0.931497 -0.279449 
0.276147 -0.920582 -0.276174 
0.348115 -0.870402 -0.348161 
0.309025 -0.883031 -0.353213 
0.858063 -0.476814 -0.190726 
0.880384 -0.440341 -0.176136 
0.898071 -0.408391 -0.163356 
0.912263 -0.380309 -0.152123 
0.923787 -0.355520 -0.142208 
0.918316 -0.367535 -0.147014 
0.905546 -0.393904 -0.157562 
0.889727 -0.423843 -0.169537 
0.869889 -0.457968 -0.183187 
0.192438 -0.962253 -0.192451 
0.145515 -0.970143 -0.194029 
0.843244 -0.527093 -0.105419 
1.000000 0.000000 0.000000 
1.000000 -1.000000 0.000000 
0.000000 -1.000000 0.000000 
0.000000 0.000000 -1.000000 
0.000000 0.000000 1.000000 

28 1
0.010000 
0.062616 
-0.298639 
-0.294140 
0.765670 
0.715758 
0.178836 
-0.265387 
-0.251876 
-0.220280 
-0.236925 
0.232377 
0.346183 
0.455932 
0.562123 
0.665228 
0.614033 
0.509442 
0.401534 
0.289818 
-0.277388 
-0.286808 
0.122265 
2.178801 
0.000000 
-0.300000 
0.000000 
4.000000 

29 3
-1.000000 0.000000 0.000000 
0.830757 -0.553873 -0.055387 
0.049690 -0.993808 -0.099381 
0.099012 -0.990148 -0.099015 
0.852091 -0.501321 -0.150396 
0.232855 -0.931497 -0.279449 
0.276147 -0.920582 -0.276174 
0.872801 -0.436548 -0.218274 
0.891406 -0.405360 -0.202680 
0.906383 -0.377857 -0.188929 
0.918577 -0.353515 -0.176757 
0.923833 -0.342384 -0.171192 
0.912785 -0.365321 -0.182661 
0.899289 -0.391182 -0.195591 
0.882621 -0.420458 -0.210229 
0.861794 -0.453706 -0.226853 
0.373335 -0.829757 -0.414878 
0.348115 -0.870402 -0.348161 
0.309025 -0.883031 -0.353213 
0.858063 -0.476814 -0.190726 
0.928613 -0.331878 -0.165939 
0.192438 -0.962253 -0.192451 
0.145515 -0.970143 -0.194029 
0.843244 -0.527093 -0.105419 
1.000000 0.000000 0.000000 
1.000000 -1.000000 0.000000 
0.000000 -1.000000 0.000000 
0.000000 0.000000 -1.000000 
0.000000 0.000000 1.000000 

29 1
0.010000 
0.062616 
-0.298639 
-0.294140 
0.178836 
-0.265387 
-0.251876 
0.339273 
0.448900 
0.555099 
0.658294 
0.708890 
0.607046 
0.502401 
0.394543 
0.283038 
-0.203995 
-0.220280 
-0.236925 
0.232377 
0.758879 
-0.277388 
-0.286808 
0.122265 
2.178801 
0.000000 
-0.300000 
0.000000 
4.000000 

30 3
-1.000000 0.000000 0.000000 
0.830757 -0.553873 -0.055387 
0.049690 -0.993808 -0.099381 
0.099012 -0.990148 -0.099015 
0.852091 -0.501321 -0.150396 
0.232855 -0.931497 -0.279449 
0.276147 -0.920582 -0.276174 
0.861794 -0.453706 -0.226853 
0.373335 -0.829757 -0.414878 
0.426498 -0.775592 -0.465355 
0.863794 -0.432043 -0.259226 
0.883457 -0.401745 -0.241047 
0.899348 -0.374925 -0.224955 
0.912328 -0.351110 -0.210666 
0.923038 -0.329885 -0.197931 
0.917933 -0.340197 -0.204118 
0.906157 -0.362669 -0.217601 
0.891814 -0.387931 -0.232759 
0.874162 -0.416428 -0.249857 
0.348115 -0.870402 -0.348161 
0.309025 -0.883031 -0.353213 
0.858063 -0.476814 -0.190726 
0.192438 -0.962253 -0.192451 
0.145515 -0.970143 -0.194029 
0.843244 -0.527093 -0.105419 
1.000000 -1.000000 0.000000 
0.000000 -1.000000 0.000000 
0.000000 0.000000 -1.000000 
1.000000 0.000000 0.000000 
0.000000 0.000000 1.000000 

30 1
0.010000 
0.062616 
-0.298639 
-0.294140 
0.178836 
-0.265387 
-0.251876 
0.283038 
-0.203995 
-0.168711 
0.331019 
0.440478 
0.546666 
0.649953 
0.750695 
0.700621 
0.598650 
0.493958 
0.386181 
-0.220280 
-0.236925 
0.232377 
-0.277388 
-0.286808 
0.122265 
0.000000 
-0.300000 
0.000000 
2.178801 
4.000000 

30 3
-1.000000 0.000000 0.000000 
0.830757 -0.553873 -0.055387 
0.049690 -0.993808 -0.099381 
0.099012 -0.990148 -0.099015 
0.852091 -0.501321 -0.150396 
0.232855 -0.931497 -0.279449 
0.276147 -0.920582 -0.276174 
0.861794 -0.453706 -0.226853 
0.373335 -0.829757 -0.414878 
0.874332 -0.397596 -0.278317 
0.891242 -0.371545 -0.260082 
0.905104 -0.348330 -0.243831 
0.916577 -0.327576 -0.229303 
0.911105 -0.337667 -0.236367 
0.898508 -0.359607 -0.251725 
0.883217 -0.384191 -0.268934 
0.864472 -0.411812 -0.288269 
0.426498 -0.775592 -0.465355 
0.863794 -0.432043 -0.259226 
0.348115 -0.870402 -0.348161 
0.309025 -0.883031 -0.353213 
0.858063 -0.476814 -0.190726 
0.192438 -0.962253 -0.192451 
0.145515 -0.970143 -0.194029 
0.843244 -0.527093 -0.105419 
1.000000 0.000000 0.000000 
1.000000 -1.000000 0.000000 
0.000000 -1.000000 0.000000 
0.000000 0.000000 -1.000000 
0.000000 0.000000 1.000000 

30 1
0.010000 
0.062616 
-0.298639 
-0.294140 
0.178836 
-0.265387 
-0.251876 
0.283038 
-0.203995 
0.430760 
0.536909 
0.640279 
0.741182 
0.691020 
0.588921 
0.484201 
0.376546 
-0.168711 
0.331019 
-0.220280 
-0.236925 
0.232377 
-0.277388 
-0.286808 
0.122265 
2.178801 
0.000000 
-0.300000 
0.000000 
4.000000 

30 3
-1.000000 0.000000 0.000000 
0.830757 -0.553873 -0.055387 
0.049690 -0.993808 -0.099381 
0.099012 -0.990148 -0.099015 
0.852091 -0.501321 -0.150396 
0.232855 -0.931497 -0.279449 
0.276147 -0.920582 -0.276174 
0.861794 -0.453706 -0.226853 
0.373335 -0.829757 -0.414878 
0.864472 -0.411812 -0.288269 
0.864147 -0.392964 -0.314371 
0.882155 -0.367757 -0.294206 
0.896978 -0.345202 -0.276162 
0.909288 -0.324971 -0.259977 
0.903412 -0.334816 -0.267853 
0.889919 -0.356170 -0.284936 
0.873599 -0.380007 -0.304006 
0.426498 -0.775592 -0.465355 
0.863794 -0.432043 -0.259226 
0.348115 -0.870402 -0.348161 
0.309025 -0.883031 -0.353213 
0.858063 -0.476814 -0.190726 
0.192438 -0.962253 -0.192451 
0.145515 -0.970143 -0.194029 
0.843244 -0.527093 -0.105419 
1.000000 0.000000 0.000000 
1.000000 -1.000000 0.000000 
0.000000 -1.000000 0.000000 
0.000000 0.000000 -1.000000 
0.000000 0.000000 1.000000 

30 1
0.010000 
0.062616 
-0.298639 
-0.294140 
0.178836 
-0.265387 
-0.251876 
0.283038 
-0.203995 
0.376546 
0.419848 
0.525918 
0.629353 
0.730413 
0.680163 
0.577949 
0.473229 
-0.168711 
0.331019 
-0.220280 
-0.236925 
0.232377 
-0.277388 
-0.286808 
0.122265 
2.178801 
0.000000 
-0.300000 
0.000000 
4.000000 

30 3
-1.000000 0.000000 0.000000 
0.830757 -0.553873 -0.055387 
0.049690 -0.993808 -0.099381 
0.099012 -0.990148 -0.099015 
0.852091 -0.501321 -0.150396 
0.232855 -0.931497 -0.279449 
0.276147 -0.920582 -0.276174 
0.861794 -0.453706 -0.226853 
0.373335 -0.829757 -0.414878 
0.864472 -0.411812 -0.288269 
0.872186 -0.363601 -0.327241 
0.888028 -0.341758 -0.307582 
0.901234 -0.322093 -0.289884 
0.894925 -0.331670 -0.298503 
0.880475 -0.352390 -0.317151 
0.863069 -0.375427 -0.337884 
0.864147 -0.392964 -0.314371 
0.426498 -0.775592 -0.465355 
0.863794 -0.432043 -0.259226 
0.348115 -0.870402 -0.348161 
0.309025 -0.883031 -0.353213 
0.858063 -0.476814 -0.190726 
0.192438 -0.962253 -0.192451 
0.145515 -0.970143 -0.194029 
0.843244 -0.527093 -0.105419 
1.000000 0.000000 0.000000 
1.000000 -1.000000 0.000000 
0.000000 -1.000000 0.000000 
0.000000 0.000000 -1.000000 
0.000000 0.000000 1.000000 

30 1
0.010000 
0.062616 
-0.298639 
-0.294140 
0.178836 
-0.265387 
-0.251876 
0.283038 
-0.203995 
0.376546 
0.513794 
0.617263 
0.718468 
0.668135 
0.565825 
0.461142 
0.419848 
-0.168711 
0.331019 
-0.220280 
-0.236925 
0.232377 
-0.277388 
-0.286808 
0.122265 
2.178801 
0.000000 
-0.300000 
0.000000 
4.000000 

30 3
-1.000000 0.000000 0.000000 
0.830757 -0.553873 -0.055387 
0.049690 -0.993808 -0.099381 
0.099012 -0.990148 -0.099015 
0.852091 -0.501321 -0.150396 
0.232855 -0.931497 -0.279449 
0.276147 -0.920582 -0.276174 
0.861794 -0.453706 -0.226853 
0.373335 -0.829757 -0.414878 
0.864472 -0.411812 -0.288269 
0.863069 -0.375427 -0.337884 
0.861433 -0.359119 -0.359119 
0.878336 -0.338028 -0.338028 
0.892481 -0.318965 -0.318965 
0.885717 -0.328257 -0.328257 
0.870268 -0.348305 -0.348305 
0.864147 -0.392964 -0.314371 
0.426498 -0.775592 -0.465355 
0.863794 -0.432043 -0.259226 
0.348115 -0.870402 -0.348161 
0.309025 -0.883031 -0.353213 
0.858063 -0.476814 -0.190726 
0.192438 -0.962253 -0.192451 
0.145515 -0.970143 -0.194029 
0.843244 -0.527093 -0.105419 
1.000000 0.000000 0.000000 
1.000000 -1.000000 0.000000 
0.000000 -1.000000 0.000000 
0.000000 0.000000 -1.000000 
0.000000 0.000000 1.000000 

30 1
0.010000 
0.062616 
-0.298639 
-0.294140 
0.178836 
-0.265387 
-0.251876 
0.283038 
-0.203995 
0.376546 
0.461142 
0.500636 
0.604104 
0.705430 
0.655023 
0.552648 
0.419848 
-0.168711 
0.331019 
-0.220280 
-0.236925 
0.232377 
-0.277388 
-0.286808 
0.122265 
2.178801 
0.000000 
-0.300000 
0.000000 
4.000000 

30 3
-1.000000 0.000000 0.000000 
0.830757 -0.553873 -0.055387 
0.049690 -0.993808 -0.099381 
0.099012 -0.990148 -0.099015 
0.852091 -0.501321 -0.150396 
0.232855 -0.931497 -0.279449 
0.276147 -0.920582 -0.276174 
0.861794 -0.453706 -0.226853 
0.373335 -0.829757 -0.414878 
0.864472 -0.411812 -0.288269 
0.863069 -0.375427 -0.337884 
0.867984 -0.334044 -0.367448 
0.883097 -0.315611 -0.347172 
0.875863 -0.324605 -0.357066 
0.859390 -0.343951 -0.378346 
0.861433 -0.359119 -0.359119 
0.864147 -0.392964 -0.314371 
0.426498 -0.775592 -0.465355 
0.863794 -0.432043 -0.259226 
0.348115 -0.870402 -0.348161 
0.309025 -0.883031 -0.353213 
0.858063 -0.476814 -0.190726 
0.192438 -0.962253 -0.192451 
0.145515 -0.970143 -0.194029 
0.843244 -0.527093 -0.105419 
1.000000 0.000000 0.000000 
1.000000 -1.000000 0.000000 
0.000000 -1.000000 0.000000 
0.000000 0.000000 -1.000000 
0.000000 0.000000 1.000000 

30 1
0.010000 
0.062616 
-0.298639 
-0.294140 
0.178836 
-0.265387 
-0.251876 
0.283038 
-0.203995 
0.376546 
0.461142 
0.589969 
0.691385 
0.640919 
0.538517 
0.500636 
0.419848 
-0.168711 
0.331019 
-0.220280 
-0.236925 
0.232377 
-0.277388 
-0.286808 
0.122265 
2.178801 
0.000000 
-0.300000 
0.000000 
4.000000 

30 3
-1.000000 0.000000 0.000000 
0.830757 -0.553873 -0.055387 
0.049690 -0.993808 -0.099381 
0.099012 -0.990148 -0.099015 
0.852091 -0.501321 -0.150396 
0.232855 -0.931497 -0.279449 
0.276147 -0.920582 -0.276174 
0.861794 -0.453706 -0.226853 
0.373335 -0.829757 -0.414878 
0.864472 -0.411812 -0.288269 
0.863069 -0.375427 -0.337884 
0.859390 -0.343951 -0.378346 
0.857056 -0.329838 -0.395806 
0.873152 -0.312057 -0.374468 
0.865438 -0.320742 -0.384891 
0.861433 -0.359119 -0.359119 
0.864147 -0.392964 -0.314371 
0.426498 -0.775592 -0.465355 
0.863794 -0.432043 -0.259226 
0.348115 -0.870402 -0.348161 
0.309025 -0.883031 -0.353213 
0.858063 -0.476814 -0.190726 
0.192438 -0.962253 -0.192451 
0.145515 -0.970143 -0.194029 
0.843244 -0.527093 -0.105419 
1.000000 0.000000 0.000000 
1.000000 -1.000000 0.000000 
0.000000 -1.000000 0.000000 
0.000000 0.000000 -1.000000 
0.000000 0.000000 1.000000 

30 1
0.010000 
0.062616 
-0.298639 
-0.294140 
0.178836 
-0.265387 
-0.251876 
0.283038 
-0.203995 
0.376546 
0.461142 
0.538517 
0.574954 
0.676421 
0.625914 
0.500636 
0.419848 
-0.168711 
0.331019 
-0.220280 
-0.236925 
0.232377 
-0.277388 
-0.286808 
0.122265 
2.178801 
0.000000 
-0.300000 
0.000000 
4.000000 

30 3
-1.000000 0.000000 0.000000 
0.830757 -0.553873 -0.055387 
0.049690 -0.993808 -0.099381 
0.099012 -0.990148 -0.099015 
0.852091 -0.501321 -0.150396 
0.232855 -0.931497 -0.279449 
0.276147 -0.920582 -0.276174 
0.861794 -0.453706 -0.226853 
0.373335 -0.829757 -0.414878 
0.864472 -0.411812 -0.288269 
0.863069 -0.375427 -0.337884 
0.859390 -0.343951 -0.378346 
0.862714 -0.308326 -0.400824 
0.854520 -0.316695 -0.411704 
0.857056 -0.329838 -0.395806 
0.861433 -0.359119 -0.359119 
0.864147 -0.392964 -0.314371 
0.426498 -0.775592 -0.465355 
0.863794 -0.432043 -0.259226 
0.348115 -0.870402 -0.348161 
0.309025 -0.883031 -0.353213 
0.858063 -0.476814 -0.190726 
0.192438 -0.962253 -0.192451 
0.145515 -0.970143 -0.194029 
0.843244 -0.527093 -0.105419 
1.000000 0.000000 0.000000 
1.000000 -1.000000 0.000000 
0.000000 -1.000000 0.000000 
0.000000 0.000000 -1.000000 
0.000000 0.000000 1.000000 

30 1
0.010000 
0.062616 
-0.298639 
-0.294140 
0.178836 
-0.265387 
-0.251876 
0.283038 
-0.203995 
0.376546 
0.461142 
0.538517 
0.660626 
0.610100 
0.574954 
0.500636 
0.419848 
-0.168711 
0.331019 
-0.220280 
-0.236925 
0.232377 
-0.277388 
-0.286808 
0.122265 
2.178801 
0.000000 
-0.300000 
0.000000 
4.000000 

30 3
-1.000000 0.000000 0.000000 
0.830757 -0.553873 -0.055387 
0.049690 -0.993808 -0.099381 
0.099012 -0.990148 -0.099015 
0.852091 -0.501321 -0.150396 
0.232855 -0.931497 -0.279449 
0.276147 -0.920582 -0.276174 
0.861794 -0.453706 -0.226853 
0.373335 -0.829757 -0.414878 
0.864472 -0.411812 -0.288269 
0.863069 -0.375427 -0.337884 
0.859390 -0.343951 -0.378346 
0.854520 -0.316695 -0.411704 
0.851851 -0.304444 -0.426221 
0.857056 -0.329838 -0.395806 
0.861433 -0.359119 -0.359119 
0.864147 -0.392964 -0.314371 
0.426498 -0.775592 -0.465355 
0.863794 -0.432043 -0.259226 
0.348115 -0.870402 -0.348161 
0.309025 -0.883031 -0.353213 
0.858063 -0.476814 -0.190726 
0.192438 -0.962253 -0.192451 
0.145515 -0.970143 -0.194029 
0.843244 -0.527093 -0.105419 
1.000000 0.000000 0.000000 
1.000000 -1.000000 0.000000 
0.000000 -1.000000 0.000000 
0.000000 0.000000 -1.000000 
0.000000 0.000000 1.000000 

30 1
0.010000 
0.062616 
-0.298639 
-0.294140 
0.178836 
-0.265387 
-0.251876 
0.283038 
-0.203995 
0.376546 
0.461142 
0.538517 
0.610100 
0.644088 
0.574954 
0.500636 
0.419848 
-0.168711 
0.331019 
-0.220280 
-0.236925 
0.232377 
-0.277388 
-0.286808 
0.122265 
2.178801 
0.000000 
-0.300000 
0.000000 
4.000000 

