35 3
-1.000000 0.000000 0.000000 
0.936905 -0.334841 -0.100452 
0.910504 -0.396061 -0.118818 
0.049690 -0.993808 -0.099381 
0.099012 -0.990148 -0.099015 
0.357730 -0.894442 -0.268333 
0.317821 -0.908164 -0.272449 
0.864974 -0.480654 -0.144196 
0.466019 -0.847461 -0.254238 
0.886420 -0.443360 -0.133008 
0.903360 -0.410796 -0.123239 
0.916916 -0.382249 -0.114675 
0.944364 -0.315032 -0.094510 
0.940805 -0.324654 -0.097396 
0.922689 -0.369285 -0.110786 
0.895375 -0.426533 -0.127960 
0.395770 -0.879619 -0.263886 
0.431876 -0.863895 -0.259169 
0.852091 -0.501321 -0.150396 
0.232855 -0.931497 -0.279449 
0.276147 -0.920582 -0.276174 
0.192438 -0.962253 -0.192451 
0.145515 -0.970143 -0.194029 
0.927901 -0.357103 -0.107131 
0.932620 -0.345641 -0.103692 
0.876346 -0.461367 -0.138410 
1.000000 0.000000 0.000000 
1.000000 -1.000000 0.000000 
0.000000 -1.000000 0.000000 
0.000000 0.000000 -1.000000 
0.000000 0.000000 1.000000 
0.916916 -0.382249 -0.114675 
0.940805 -0.324654 -0.097396 
0.922689 -0.369285 -0.110786 
0.932620 -0.345641 -0.103692 

35 1
0.010000 
0.771013 
0.515004 
-0.298639 
-0.294140 
-0.220103 
-0.237311 
0.237613 
-0.161463 
0.351660 
0.461493 
0.567666 
0.869019 
0.820284 
0.619542 
0.407068 
-0.202179 
-0.182012 
0.178836 
-0.265387 
-0.251876 
-0.277388 
-0.286808 
0.670690 
0.721164 
0.295199 
2.336417 
0.000000 
-0.300000 
0.000000 
4.000000 
0.567666 
0.820284 
0.619542 
0.721164 

32 3
-1.000000 0.000000 0.000000 
0.933250 -0.333535 -0.133414 
0.852091 -0.501321 -0.150396 
0.928745 -0.344204 -0.137682 
0.049690 -0.993808 -0.099381 
0.099012 -0.990148 -0.099015 
0.232855 -0.931497 -0.279449 
0.276147 -0.920582 -0.276174 
0.348115 -0.870402 -0.348161 
0.309025 -0.883031 -0.353213 
0.858063 -0.476814 -0.190726 
0.454729 -0.826929 -0.330772 
0.880384 -0.440341 -0.176136 
0.898071 -0.408391 -0.163356 
0.912263 -0.380309 -0.152123 
0.923787 -0.355520 -0.142208 
0.941100 -0.313944 -0.125577 
0.918316 -0.367535 -0.147014 
0.905546 -0.393904 -0.157562 
0.889727 -0.423843 -0.169537 
0.869889 -0.457968 -0.183187 
0.385469 -0.856725 -0.342690 
0.421019 -0.842177 -0.336871 
0.192438 -0.962253 -0.192451 
0.145515 -0.970143 -0.194029 
0.937353 -0.323463 -0.129385 
1.000000 0.000000 0.000000 
1.000000 -1.000000 0.000000 
0.000000 -1.000000 0.000000 
0.000000 0.000000 -1.000000 
0.000000 0.000000 1.000000 
0.933250 -0.333535 -0.133414 

32 1
0.010000 
0.765670 
0.178836 
0.715758 
-0.298639 
-0.294140 
-0.265387 
-0.251876 
-0.220280 
-0.236925 
0.232377 
-0.163340 
0.346183 
0.455932 
0.562123 
0.665228 
0.863819 
0.614033 
0.509442 
0.401534 
0.289818 
-0.202914 
-0.183331 
-0.277388 
-0.286808 
0.815011 
2.336417 
0.000000 
-0.300000 
0.000000 
4.000000 
0.765670 

31 3
-1.000000 0.000000 0.000000 
0.049690 -0.993808 -0.099381 
0.099012 -0.990148 -0.099015 
0.852091 -0.501321 -0.150396 
0.232855 -0.931497 -0.279449 
0.276147 -0.920582 -0.276174 
0.441350 -0.802601 -0.401300 
0.872801 -0.436548 -0.218274 
0.891406 -0.405360 -0.202680 
0.906383 -0.377857 -0.188929 
0.918577 -0.353515 -0.176757 
0.936954 -0.312560 -0.156280 
0.923833 -0.342384 -0.171192 
0.912785 -0.365321 -0.182661 
0.899289 -0.391182 -0.195591 
0.882621 -0.420458 -0.210229 
0.861794 -0.453706 -0.226853 
0.373335 -0.829757 -0.414878 
0.408192 -0.816519 -0.408260 
0.348115 -0.870402 -0.348161 
0.309025 -0.883031 -0.353213 
0.858063 -0.476814 -0.190726 
0.928613 -0.331878 -0.165939 
0.932971 -0.321951 -0.160975 
0.192438 -0.962253 -0.192451 
0.145515 -0.970143 -0.194029 
1.000000 0.000000 0.000000 
1.000000 -1.000000 0.000000 
0.000000 -1.000000 0.000000 
0.000000 0.000000 -1.000000 
0.000000 0.000000 1.000000 

31 1
0.010000 
-0.298639 
-0.294140 
0.178836 
-0.265387 
-0.251876 
-0.165758 
0.339273 
0.448900 
0.555099 
0.658294 
0.857200 
0.708890 
0.607046 
0.502401 
0.394543 
0.283038 
-0.203995 
-0.185094 
-0.220280 
-0.236925 
0.232377 
0.758879 
0.808303 
-0.277388 
-0.286808 
2.336417 
0.000000 
-0.300000 
0.000000 
4.000000 

31 3
-1.000000 0.000000 0.000000 
0.852091 -0.501321 -0.150396 
0.049690 -0.993808 -0.099381 
0.099012 -0.990148 -0.099015 
0.232855 -0.931497 -0.279449 
0.276147 -0.920582 -0.276174 
0.931960 -0.310894 -0.186537 
0.927697 -0.320131 -0.192079 
0.861794 -0.453706 -0.226853 
0.373335 -0.829757 -0.414878 
0.426498 -0.775592 -0.465355 
0.863794 -0.432043 -0.259226 
0.883457 -0.401745 -0.241047 
0.899348 -0.374925 -0.224955 
0.912328 -0.351110 -0.210666 
0.923038 -0.329885 -0.197931 
0.917933 -0.340197 -0.204118 
0.906157 -0.362669 -0.217601 
0.891814 -0.387931 -0.232759 
0.874162 -0.416428 -0.249857 
0.348115 -0.870402 -0.348161 
0.309025 -0.883031 -0.353213 
0.858063 -0.476814 -0.190726 
0.192438 -0.962253 -0.192451 
0.145515 -0.970143 -0.194029 
1.000000 0.000000 0.000000 
1.000000 -1.000000 0.000000 
0.000000 -1.000000 0.000000 
0.000000 0.000000 -1.000000 
0.000000 0.000000 1.000000 
0.852091 -0.501321 -0.150396 

31 1
0.010000 
0.178836 
-0.298639 
-0.294140 
-0.265387 
-0.251876 
0.849211 
0.800212 
0.283038 
-0.203995 
-0.168711 
0.331019 
0.440478 
0.546666 
0.649953 
0.750695 
0.700621 
0.598650 
0.493958 
0.386181 
-0.220280 
-0.236925 
0.232377 
-0.277388 
-0.286808 
2.336417 
0.000000 
-0.300000 
0.000000 
4.000000 
0.178836 

31 3
-1.000000 0.000000 0.000000 
0.852091 -0.501321 -0.150396 
0.049690 -0.993808 -0.099381 
0.099012 -0.990148 -0.099015 
0.232855 -0.931497 -0.279449 
0.276147 -0.920582 -0.276174 
0.861794 -0.453706 -0.226853 
0.373335 -0.829757 -0.414878 
0.874332 -0.397596 -0.278317 
0.891242 -0.371545 -0.260082 
0.905104 -0.348330 -0.243831 
0.916577 -0.327576 -0.229303 
0.921578 -0.318020 -0.222614 
0.911105 -0.337667 -0.236367 
0.898508 -0.359607 -0.251725 
0.883217 -0.384191 -0.268934 
0.864472 -0.411812 -0.288269 
0.469937 -0.723136 -0.506195 
0.426498 -0.775592 -0.465355 
0.863794 -0.432043 -0.259226 
0.926159 -0.308959 -0.216272 
0.348115 -0.870402 -0.348161 
0.309025 -0.883031 -0.353213 
0.858063 -0.476814 -0.190726 
0.192438 -0.962253 -0.192451 
0.145515 -0.970143 -0.194029 
1.000000 0.000000 0.000000 
1.000000 -1.000000 0.000000 
0.000000 -1.000000 0.000000 
0.000000 0.000000 -1.000000 
0.000000 0.000000 1.000000 

31 1
0.010000 
0.178836 
-0.298639 
-0.294140 
-0.265387 
-0.251876 
0.283038 
-0.203995 
0.430760 
0.536909 
0.640279 
0.741182 
0.790800 
0.691020 
0.588921 
0.484201 
0.376546 
-0.132580 
-0.168711 
0.331019 
0.839909 
-0.220280 
-0.236925 
0.232377 
-0.277388 
-0.286808 
2.336417 
0.000000 
-0.300000 
0.000000 
4.000000 

33 3
-1.000000 0.000000 0.000000 
0.852091 -0.501321 -0.150396 
0.049690 -0.993808 -0.099381 
0.099012 -0.990148 -0.099015 
0.232855 -0.931497 -0.279449 
0.276147 -0.920582 -0.276174 
0.861794 -0.453706 -0.226853 
0.373335 -0.829757 -0.414878 
0.864472 -0.411812 -0.288269 
0.469937 -0.723136 -0.506195 
0.505270 -0.673860 -0.539088 
0.864147 -0.392964 -0.314371 
0.882155 -0.367757 -0.294206 
0.896978 -0.345202 -0.276162 
0.909288 -0.324971 -0.259977 
0.919599 -0.306771 -0.245417 
0.914667 -0.315634 -0.252507 
0.903412 -0.334816 -0.267853 
0.889919 -0.356170 -0.284936 
0.873599 -0.380007 -0.304006 
0.426498 -0.775592 -0.465355 
0.863794 -0.432043 -0.259226 
0.348115 -0.870402 -0.348161 
0.309025 -0.883031 -0.353213 
0.858063 -0.476814 -0.190726 
0.192438 -0.962253 -0.192451 
0.145515 -0.970143 -0.194029 
1.000000 0.000000 0.000000 
1.000000 -1.000000 0.000000 
0.000000 -1.000000 0.000000 
0.000000 0.000000 -1.000000 
0.000000 0.000000 1.000000 
0.852091 -0.501321 -0.150396 

33 1
0.010000 
0.178836 
-0.298639 
-0.294140 
-0.265387 
-0.251876 
0.283038 
-0.203995 
0.376546 
-0.132580 
-0.096558 
0.419848 
0.525918 
0.629353 
0.730413 
0.829358 
0.780135 
0.680163 
0.577949 
0.473229 
-0.168711 
0.331019 
-0.220280 
-0.236925 
0.232377 
-0.277388 
-0.286808 
2.336417 
0.000000 
-0.300000 
0.000000 
4.000000 
0.178836 

33 3
-1.000000 0.000000 0.000000 
0.852091 -0.501321 -0.150396 
0.049690 -0.993808 -0.099381 
0.099012 -0.990148 -0.099015 
0.232855 -0.931497 -0.279449 
0.276147 -0.920582 -0.276174 
0.861794 -0.453706 -0.226853 
0.373335 -0.829757 -0.414878 
0.864472 -0.411812 -0.288269 
0.469937 -0.723136 -0.506195 
0.872186 -0.363601 -0.327241 
0.888028 -0.341758 -0.307582 
0.901234 -0.322093 -0.289884 
0.912330 -0.304346 -0.273911 
0.907018 -0.312995 -0.281696 
0.894925 -0.331670 -0.298503 
0.880475 -0.352390 -0.317151 
0.863069 -0.375427 -0.337884 
0.505270 -0.673860 -0.539088 
0.864147 -0.392964 -0.314371 
0.426498 -0.775592 -0.465355 
0.863794 -0.432043 -0.259226 
0.348115 -0.870402 -0.348161 
0.309025 -0.883031 -0.353213 
0.858063 -0.476814 -0.190726 
0.192438 -0.962253 -0.192451 
0.145515 -0.970143 -0.194029 
1.000000 0.000000 0.000000 
1.000000 -1.000000 0.000000 
0.000000 -1.000000 0.000000 
0.000000 0.000000 -1.000000 
0.000000 0.000000 1.000000 
0.852091 -0.501321 -0.150396 

33 1
0.010000 
0.178836 
-0.298639 
-0.294140 
-0.265387 
-0.251876 
0.283038 
-0.203995 
0.376546 
-0.132580 
0.513794 
0.617263 
0.718468 
0.817628 
0.768290 
0.668135 
0.565825 
0.461142 
-0.096558 
0.419848 
-0.168711 
0.331019 
-0.220280 
-0.236925 
0.232377 
-0.277388 
-0.286808 
2.336417 
0.000000 
-0.300000 
0.000000 
4.000000 
0.178836 

33 3
-1.000000 0.000000 0.000000 
0.049690 -0.993808 -0.099381 
0.099012 -0.990148 -0.099015 
0.852091 -0.501321 -0.150396 
0.232855 -0.931497 -0.279449 
0.276147 -0.920582 -0.276174 
0.861794 -0.453706 -0.226853 
0.373335 -0.829757 -0.414878 
0.864472 -0.411812 -0.288269 
0.469937 -0.723136 -0.506195 
0.863069 -0.375427 -0.337884 
0.861433 -0.359119 -0.359119 
0.878336 -0.338028 -0.338028 
0.892481 -0.318965 -0.318965 
0.904406 -0.301703 -0.301703 
0.898693 -0.310122 -0.310122 
0.885717 -0.328257 -0.328257 
0.870268 -0.348305 -0.348305 
0.505270 -0.673860 -0.539088 
0.864147 -0.392964 -0.314371 
0.426498 -0.775592 -0.465355 
0.863794 -0.432043 -0.259226 
0.348115 -0.870402 -0.348161 
0.309025 -0.883031 -0.353213 
0.858063 -0.476814 -0.190726 
0.192438 -0.962253 -0.192451 
0.145515 -0.970143 -0.194029 
1.000000 0.000000 0.000000 
1.000000 -1.000000 0.000000 
0.000000 -1.000000 0.000000 
0.000000 0.000000 -1.000000 
0.000000 0.000000 1.000000 
0.852091 -0.501321 -0.150396 

33 1
0.010000 
-0.298639 
-0.294140 
0.178836 
-0.265387 
-0.251876 
0.283038 
-0.203995 
0.376546 
-0.132580 
0.461142 
0.500636 
0.604104 
0.705430 
0.804795 
0.755346 
0.655023 
0.552648 
-0.096558 
0.419848 
-0.168711 
0.331019 
-0.220280 
-0.236925 
0.232377 
-0.277388 
-0.286808 
2.336417 
0.000000 
-0.300000 
0.000000 
4.000000 
0.178836 

33 3
-1.000000 0.000000 0.000000 
0.049690 -0.993808 -0.099381 
0.099012 -0.990148 -0.099015 
0.852091 -0.501321 -0.150396 
0.232855 -0.931497 -0.279449 
0.276147 -0.920582 -0.276174 
0.861794 -0.453706 -0.226853 
0.373335 -0.829757 -0.414878 
0.864472 -0.411812 -0.288269 
0.469937 -0.723136 -0.506195 
0.863069 -0.375427 -0.337884 
0.867984 -0.334044 -0.367448 
0.883097 -0.315611 -0.347172 
0.895884 -0.298860 -0.328746 
0.889753 -0.307037 -0.337741 
0.875863 -0.324605 -0.357066 
0.859390 -0.343951 -0.378346 
0.861433 -0.359119 -0.359119 
0.505270 -0.673860 -0.539088 
0.864147 -0.392964 -0.314371 
0.426498 -0.775592 -0.465355 
0.863794 -0.432043 -0.259226 
0.348115 -0.870402 -0.348161 
0.309025 -0.883031 -0.353213 
0.858063 -0.476814 -0.190726 
0.192438 -0.962253 -0.192451 
0.145515 -0.970143 -0.194029 
1.000000 0.000000 0.000000 
1.000000 -1.000000 0.000000 
0.000000 -1.000000 0.000000 
0.000000 0.000000 -1.000000 
0.000000 0.000000 1.000000 
0.852091 -0.501321 -0.150396 

33 1
0.010000 
-0.298639 
-0.294140 
0.178836 
-0.265387 
-0.251876 
0.283038 
-0.203995 
0.376546 
-0.132580 
0.461142 
0.589969 
0.691385 
0.790936 
0.741384 
0.640919 
0.538517 
0.500636 
-0.096558 
0.419848 
-0.168711 
0.331019 
-0.220280 
-0.236925 
0.232377 
-0.277388 
-0.286808 
2.336417 
0.000000 
-0.300000 
0.000000 
4.000000 
0.178836 

33 3
-1.000000 0.000000 0.000000 
0.049690 -0.993808 -0.099381 
0.099012 -0.990148 -0.099015 
0.852091 -0.501321 -0.150396 
0.232855 -0.931497 -0.279449 
0.276147 -0.920582 -0.276174 
0.861794 -0.453706 -0.226853 
0.373335 -0.829757 -0.414878 
0.864472 -0.411812 -0.288269 
0.469937 -0.723136 -0.506195 
0.863069 -0.375427 -0.337884 
0.859390 -0.343951 -0.378346 
0.857056 -0.329838 -0.395806 
0.873152 -0.312057 -0.374468 
0.886822 -0.295837 -0.355004 
0.880261 -0.303761 -0.364514 
0.865438 -0.320742 -0.384891 
0.861433 -0.359119 -0.359119 
0.505270 -0.673860 -0.539088 
0.864147 -0.392964 -0.314371 
0.426498 -0.775592 -0.465355 
0.863794 -0.432043 -0.259226 
0.348115 -0.870402 -0.348161 
0.309025 -0.883031 -0.353213 
0.858063 -0.476814 -0.190726 
0.192438 -0.962253 -0.192451 
0.145515 -0.970143 -0.194029 
1.000000 0.000000 0.000000 
1.000000 -1.000000 0.000000 
0.000000 -1.000000 0.000000 
0.000000 0.000000 -1.000000 
0.000000 0.000000 1.000000 
0.852091 -0.501321 -0.150396 

33 1
0.010000 
-0.298639 
-0.294140 
0.178836 
-0.265387 
-0.251876 
0.283038 
-0.203995 
0.376546 
-0.132580 
0.461142 
0.538517 
0.574954 
0.676421 
0.776130 
0.726488 
0.625914 
0.500636 
-0.096558 
0.419848 
-0.168711 
0.331019 
-0.220280 
-0.236925 
0.232377 
-0.277388 
-0.286808 
2.336417 
0.000000 
-0.300000 
0.000000 
4.000000 
0.178836 

33 3
-1.000000 0.000000 0.000000 
0.049690 -0.993808 -0.099381 
0.099012 -0.990148 -0.099015 
0.852091 -0.501321 -0.150396 
0.232855 -0.931497 -0.279449 
0.276147 -0.920582 -0.276174 
0.861794 -0.453706 -0.226853 
0.373335 -0.829757 -0.414878 
0.864472 -0.411812 -0.288269 
0.469937 -0.723136 -0.506195 
0.863069 -0.375427 -0.337884 
0.859390 -0.343951 -0.378346 
0.862714 -0.308326 -0.400824 
0.877276 -0.292652 -0.380448 
0.870280 -0.300317 -0.390413 
0.854520 -0.316695 -0.411704 
0.857056 -0.329838 -0.395806 
0.861433 -0.359119 -0.359119 
0.505270 -0.673860 -0.539088 
0.864147 -0.392964 -0.314371 
0.426498 -0.775592 -0.465355 
0.863794 -0.432043 -0.259226 
0.348115 -0.870402 -0.348161 
0.309025 -0.883031 -0.353213 
0.858063 -0.476814 -0.190726 
0.192438 -0.962253 -0.192451 
0.145515 -0.970143 -0.194029 
1.000000 0.000000 0.000000 
1.000000 -1.000000 0.000000 
0.000000 -1.000000 0.000000 
0.000000 0.000000 -1.000000 
0.000000 0.000000 1.000000 
0.852091 -0.501321 -0.150396 

33 1
0.010000 
-0.298639 
-0.294140 
0.178836 
-0.265387 
-0.251876 
0.283038 
-0.203995 
0.376546 
-0.132580 
0.461142 
0.538517 
0.660626 
0.760460 
0.710743 
0.610100 
0.574954 
0.500636 
-0.096558 
0.419848 
-0.168711 
0.331019 
-0.220280 
-0.236925 
0.232377 
-0.277388 
-0.286808 
2.336417 
0.000000 
-0.300000 
0.000000 
4.000000 
0.178836 

33 3
-1.000000 0.000000 0.000000 
0.049690 -0.993808 -0.099381 
0.099012 -0.990148 -0.099015 
0.852091 -0.501321 -0.150396 
0.232855 -0.931497 -0.279449 
0.276147 -0.920582 -0.276174 
0.861794 -0.453706 -0.226853 
0.373335 -0.829757 -0.414878 
0.864472 -0.411812 -0.288269 
0.469937 -0.723136 -0.506195 
0.863069 -0.375427 -0.337884 
0.859390 -0.343951 -0.378346 
0.854520 -0.316695 -0.411704 
0.851851 -0.304444 -0.426221 
0.867306 -0.289326 -0.405057 
0.859873 -0.296726 -0.415417 
0.857056 -0.329838 -0.395806 
0.861433 -0.359119 -0.359119 
0.505270 -0.673860 -0.539088 
0.864147 -0.392964 -0.314371 
0.426498 -0.775592 -0.465355 
0.863794 -0.432043 -0.259226 
0.348115 -0.870402 -0.348161 
0.309025 -0.883031 -0.353213 
0.858063 -0.476814 -0.190726 
0.192438 -0.962253 -0.192451 
0.145515 -0.970143 -0.194029 
1.000000 0.000000 0.000000 
1.000000 -1.000000 0.000000 
0.000000 -1.000000 0.000000 
0.000000 0.000000 -1.000000 
0.000000 0.000000 1.000000 
0.852091 -0.501321 -0.150396 

33 1
0.010000 
-0.298639 
-0.294140 
0.178836 
-0.265387 
-0.251876 
0.283038 
-0.203995 
0.376546 
-0.132580 
0.461142 
0.538517 
0.610100 
0.644088 
0.744005 
0.694233 
0.574954 
0.500636 
-0.096558 
0.419848 
-0.168711 
0.331019 
-0.220280 
-0.236925 
0.232377 
-0.277388 
-0.286808 
2.336417 
0.000000 
-0.300000 
0.000000 
4.000000 
0.178836 

33 3
-1.000000 0.000000 0.000000 
0.049690 -0.993808 -0.099381 
0.099012 -0.990148 -0.099015 
0.852091 -0.501321 -0.150396 
0.232855 -0.931497 -0.279449 
0.276147 -0.920582 -0.276174 
0.861794 -0.453706 -0.226853 
0.373335 -0.829757 -0.414878 
0.864472 -0.411812 -0.288269 
0.469937 -0.723136 -0.506195 
0.863069 -0.375427 -0.337884 
0.859390 -0.343951 -0.378346 
0.854520 -0.316695 -0.411704 
0.856966 -0.285877 -0.428816 
0.849102 -0.293009 -0.439514 
0.851851 -0.304444 -0.426221 
0.857056 -0.329838 -0.395806 
0.861433 -0.359119 -0.359119 
0.505270 -0.673860 -0.539088 
0.864147 -0.392964 -0.314371 
0.426498 -0.775592 -0.465355 
0.863794 -0.432043 -0.259226 
0.348115 -0.870402 -0.348161 
0.309025 -0.883031 -0.353213 
0.858063 -0.476814 -0.190726 
0.192438 -0.962253 -0.192451 
0.145515 -0.970143 -0.194029 
1.000000 0.000000 0.000000 
1.000000 -1.000000 0.000000 
0.000000 -1.000000 0.000000 
0.000000 0.000000 -1.000000 
0.000000 0.000000 1.000000 
0.852091 -0.501321 -0.150396 

33 1
0.010000 
-0.298639 
-0.294140 
0.178836 
-0.265387 
-0.251876 
0.283038 
-0.203995 
0.376546 
-0.132580 
0.461142 
0.538517 
0.610100 
0.726845 
0.677039 
0.644088 
0.574954 
0.500636 
-0.096558 
0.419848 
-0.168711 
0.331019 
-0.220280 
-0.236925 
0.232377 
-0.277388 
-0.286808 
2.336417 
0.000000 
-0.300000 
0.000000 
4.000000 
0.178836 

33 3
-1.000000 0.000000 0.000000 
0.049690 -0.993808 -0.099381 
0.099012 -0.990148 -0.099015 
0.852091 -0.501321 -0.150396 
0.232855 -0.931497 -0.279449 
0.276147 -0.920582 -0.276174 
0.861794 -0.453706 -0.226853 
0.373335 -0.829757 -0.414878 
0.864472 -0.411812 -0.288269 
0.469937 -0.723136 -0.506195 
0.863069 -0.375427 -0.337884 
0.859390 -0.343951 -0.378346 
0.854520 -0.316695 -0.411704 
0.849102 -0.293009 -0.439514 
0.846313 -0.282323 -0.451717 
0.851851 -0.304444 -0.426221 
0.857056 -0.329838 -0.395806 
0.861433 -0.359119 -0.359119 
0.505270 -0.673860 -0.539088 
0.864147 -0.392964 -0.314371 
0.426498 -0.775592 -0.465355 
0.863794 -0.432043 -0.259226 
0.348115 -0.870402 -0.348161 
0.309025 -0.883031 -0.353213 
0.858063 -0.476814 -0.190726 
0.192438 -0.962253 -0.192451 
0.145515 -0.970143 -0.194029 
1.000000 0.000000 0.000000 
1.000000 -1.000000 0.000000 
0.000000 -1.000000 0.000000 
0.000000 0.000000 -1.000000 
0.000000 0.000000 1.000000 
0.852091 -0.501321 -0.150396 

33 1
0.010000 
-0.298639 
-0.294140 
0.178836 
-0.265387 
-0.251876 
0.283038 
-0.203995 
0.376546 
-0.132580 
0.461142 
0.538517 
0.610100 
0.677039 
0.709057 
0.644088 
0.574954 
0.500636 
-0.096558 
0.419848 
-0.168711 
0.331019 
-0.220280 
-0.236925 
0.232377 
-0.277388 
-0.286808 
2.336417 
0.000000 
-0.300000 
0.000000 
4.000000 
0.178836 

